9 3
9 2
9 2
9 2
9 3
9 2
9 3
9 3
1 2
3 2
4 2
5 2
1 2
5 2
9 2
4 2
4 2
5 2
9 3
4 2
3 2
5 2
9 2
1 2
1 2
9 2
1 2
1 2
9 3
5 2
2 1
2 1
1 2
4 2
4 2
4 2
1 2
4 2
4 2
4 2
1 2
1 2
5 2
5 2
1 2
1 2
1 3
1 2
3 3
3 2
3 2
7 3
7 2
1 2
1 2
4 2
5 2
3 2
7 2
8 1
8 1
6 1
8 1
8 1
7 1
7 1
6 1
7 1
7 1
7 3
2 1
2 1
2 1
6 1
2 1
2 1
2 3
2 2
2 1
2 1
2 1
6 1
2 1
2 1
6 1
7 1
6 1
2 1
6 1
6 1
2 1
2 1
2 1
6 1
6 1
6 1
6 1
6 1
2 1
8 1
6 1
6 1
6 1
7 3
7 3