1.0	1.0	2.0361990950226243e-07
1.2	1.2	2.0361990950226243e-07
1.2083333333333333	1.2083333333333333	3.393665158371041e-07
1.2166666666666666	1.2166666666666666	2.262443438914027e-07
1.2249999999999999	1.2249999999999999	3.6199095022624433e-07
1.2333333333333334	1.2333333333333334	3.6199095022624433e-07
1.2416666666666667	1.2416666666666667	4.977375565610859e-07
1.25	1.25	4.977375565610859e-07
1.2583333333333333	1.2583333333333333	5.203619909502262e-07
1.2666666666666666	1.2666666666666666	5.203619909502262e-07
1.275	1.275	4.977375565610859e-07
1.2833333333333332	1.2833333333333332	4.977375565610859e-07
1.2916666666666667	1.2916666666666667	6.561085972850678e-07
1.3	1.3	6.561085972850678e-07
1.3083333333333333	1.3083333333333333	4.298642533936651e-07
1.3166666666666667	1.3166666666666667	5.88235294117647e-07
1.325	1.325	5.88235294117647e-07
1.3333333333333333	1.3333333333333333	6.561085972850678e-07
1.3416666666666666	1.3416666666666666	6.561085972850678e-07
1.35	1.35	2.0361990950226243e-07
1.3583333333333334	1.3583333333333334	3.393665158371041e-07
1.3666666666666667	1.3666666666666667	4.0723981900452487e-07
1.375	1.375	4.0723981900452487e-07
1.3833333333333333	1.3833333333333333	5.656108597285067e-07
1.3916666666666666	1.3916666666666666	5.203619909502262e-07
1.4	1.4	5.203619909502262e-07
1.4083333333333332	1.4083333333333332	4.298642533936651e-07
1.4166666666666667	1.4166666666666667	4.298642533936651e-07
1.425	1.425	6.108597285067873e-07
1.4333333333333333	1.4333333333333333	6.108597285067873e-07
1.4416666666666667	1.4416666666666667	5.88235294117647e-07
1.45	1.45	5.88235294117647e-07
1.4583333333333333	1.4583333333333333	8.144796380090497e-07
1.4666666666666668	1.4666666666666668	8.144796380090497e-07
1.475	1.475	6.334841628959275e-07
1.4833333333333334	1.4833333333333334	6.334841628959275e-07
1.4916666666666667	1.4916666666666667	5.203619909502262e-07
1.5	1.5	5.203619909502262e-07
