3.630086313193588	3.630086313193588	1.04642948295e-05
3.6794081381011097	3.6794081381011097	1.16268374631e-05
3.718865598027127	3.718865598027127	1.35151564817e-05
3.763255240443896	3.763255240443896	1.57101580981e-05
3.8076448828606657	3.8076448828606657	1.77201803328e-05
3.856966707768188	3.856966707768188	1.88196667167e-05
3.901356350184957	3.901356350184957	1.85385592958e-05
3.9358816276202218	3.9358816276202218	1.5948377366e-05
3.965474722564735	3.965474722564735	1.37200920822e-05
4.0	4.0	1.18031397442e-05
4.049321824907522	4.049321824907522	1.03079907369e-05
4.098643649815044	4.098643649815044	9.2773167693e-06
4.1479654747225645	4.1479654747225645	1.03079907369e-05
4.197287299630086	4.197287299630086	1.09475720079e-05
4.246609124537608	4.246609124537608	1.07840492538e-05
4.29593094944513	4.29593094944513	1.01540213423e-05
4.360049284195341	4.360049284195341	9.5129620622e-06
4.438964241676942	4.438964241676942	1.04642948295e-05
4.488286066584464	4.488286066584464	1.11135743214e-05
4.5376078914919855	4.5376078914919855	1.16268374631e-05
4.586929716399506	4.586929716399506	1.19821153657e-05
4.636251541307028	4.636251541307028	1.19821153657e-05
4.68557336621455	4.68557336621455	1.12820937929e-05
4.729963008631319	4.729963008631319	9.7057752125e-06
4.779284833538841	4.779284833538841	9.1387424455e-06
4.828606658446363	4.828606658446363	9.1387424455e-06
4.877928483353884	4.877928483353884	9.1387424455e-06
4.966707768187423	4.966707768187423	9.1387424455e-06
5.016029593094944	5.016029593094944	9.4179923498e-06
5.065351418002466	5.065351418002466	9.5608010491e-06
5.114673242909988	5.114673242909988	9.4179923498e-06
5.16399506781751	5.16399506781751	9.4179923498e-06
5.213316892725031	5.213316892725031	9.2773167693e-06
5.262638717632552	5.262638717632552	9.5608010491e-06
5.311960542540074	5.311960542540074	9.7057752125e-06
5.361282367447595	5.361282367447595	9.7057752125e-06
5.410604192355117	5.410604192355117	9.7057752125e-06
5.469790194096312	5.469790194096312	9.8776955009e-06
5.528976572133169	5.528976572133169	1.04642948295e-05
5.57829839704069	5.57829839704069	1.1453168591e-05
5.627620221948212	5.627620221948212	1.23482493922e-05
5.676942046855734	5.676942046855734	1.33132819832e-05
5.726263871763255	5.726263871763255	1.41393329596e-05
5.775585696670777	5.775585696670777	1.52443411827e-05
5.824907521578298	5.824907521578298	1.69379284558e-05
5.87422934648582	5.87422934648582	1.88196667167e-05
5.923551171393342	5.923551171393342	2.09104588114e-05
5.972872996300863	5.972872996300863	2.28864929728e-05
6.022194821208385	6.022194821208385	2.35858289055e-05
6.073982549213452	6.073982549213452	2.46751037232e-05
6.130702836004932	6.130702836004932	2.54290937162e-05
6.180024660912453	6.180024660912453	2.62061231629e-05
6.229346485819976	6.229346485819976	2.66034968518e-05
6.278668310727497	6.278668310727497	2.78321379693e-05
6.3279901356350186	6.3279901356350186	2.78321379693e-05
6.37731196054254	6.37731196054254	2.54290937162e-05
6.42170160295931	6.42170160295931	2.18761758232e-05
6.451294697903823	6.451294697903823	1.88196667167e-05
6.471023427866831	6.471023427866831	1.61902088459e-05
6.495684340320592	6.495684340320592	1.39281352013e-05
6.520345252774353	6.520345252774353	1.19821153657e-05
6.569667077681874	6.569667077681874	9.5608010491e-06
6.618988902589396	6.618988902589396	8.8677724916e-06
6.678175092478422	6.678175092478422	9.5608010491e-06
6.712700369913687	6.712700369913687	1.11135743214e-05
6.737361282367448	6.737361282367448	1.29185340814e-05
6.762022194821208	6.762022194821208	1.50166380306e-05
6.806411837237977	6.806411837237977	1.71947648856e-05
6.8557336621455	6.8557336621455	1.77201803328e-05
6.905055487053021	6.905055487053021	1.69379284558e-05
6.954377311960543	6.954377311960543	1.71947648856e-05
6.998766954377312	6.998766954377312	1.69379284558e-05
7.048088779284834	7.048088779284834	1.6435707311e-05
7.097410604192355	7.097410604192355	1.66849283653e-05
7.146732429099877	7.146732429099877	1.77201803328e-05
7.196054254007398	7.196054254007398	1.82616507475e-05
7.2453758907670895	7.2453758907670895	1.7809308313e-05
7.294697903822442	7.294697903822442	1.6435707311e-05
7.344019728729963	7.344019728729963	1.52443411827e-05
7.393341365489654	7.393341365489654	1.53210163245e-05
7.4426633785450065	7.4426633785450065	1.66849283653e-05
7.477188655980271	7.477188655980271	1.93947338181e-05
7.49691738594328	7.49691738594328	2.25446397876e-05
7.516646115906289	7.516646115906289	2.62061231629e-05
7.536374845869297	7.536374845869297	3.0462269422e-05
7.561035758323058	7.561035758323058	3.54096579861e-05
7.605425400739827	7.605425400739827	3.76067257406e-05
7.630086313193589	7.630086313193589	3.23523659009e-05
7.649815043156597	7.649815043156597	2.78321379693e-05
7.659679408138102	7.659679408138102	2.39434700484e-05
7.669543773119606	7.669543773119606	2.05981214447e-05
7.67940813810111	7.67940813810111	1.77201803328e-05
7.689272503082615	7.689272503082615	1.52443411827e-05
7.699136868064119	7.699136868064119	1.31144228632e-05
7.713933415536375	7.713933415536375	1.03079907369e-05
7.753390875462392	7.753390875462392	1.01540213423e-05
7.79284833538841	7.79284833538841	1.18031397442e-05
7.827373612823674	7.827373612823674	1.37200920822e-05
7.8618988902589395	7.8618988902589395	1.5948377366e-05
7.907110174251985	7.907110174251985	1.87254995246e-05
7.944101542932626	7.944101542932626	2.23195928557e-05
7.985203452527743	7.985203452527743	2.66034968518e-05
7.995067817509248	7.995067817509248	3.09241807203e-05
8.005753824067028	8.005753824067028	3.68596374245e-05
8.039457459926016	8.039457459926016	4.30614899227e-05
8.073982737361282	8.073982737361282	3.70449979566e-05
8.09371146732429	8.09371146732429	3.18691219479e-05
8.098643649815044	8.098643649815044	2.74164121948e-05
8.123304562268803	8.123304562268803	2.35858289055e-05
8.128236744759556	8.128236744759556	2.12275322718e-05
8.147965474722564	8.147965474722564	1.82616507475e-05
8.197287299630087	8.197287299630087	1.93947338181e-05
8.246609124537608	8.246609124537608	2.18761758232e-05
8.295930949445129	8.295930949445129	2.22078928281e-05
8.3386761421928	8.3386761421928	2.53018552063e-05
8.355116951186325	8.355116951186325	2.90445968775e-05
8.367447407413206	8.367447407413206	3.37617252077e-05
8.396218672633612	8.396218672633612	4.07496588424e-05
8.438964241676942	8.438964241676942	4.05457428293e-05
8.458692971639952	8.458692971639952	4.71307920787e-05
8.468557336621455	8.468557336621455	5.47853216384e-05
8.483353884093711	8.483353884093711	6.36830262051e-05
8.498150431565968	8.498150431565968	7.40258102967e-05
8.537607891491986	8.537607891491986	7.98110286899e-05
8.567200986436498	8.567200986436498	6.86599418655e-05
8.591861898890258	8.591861898890258	5.90668695087e-05
8.611590628853268	8.611590628853268	5.08141279873e-05
8.631319358816278	8.631319358816278	4.37144481261e-05
8.646115906288532	8.646115906288532	3.76067257406e-05
8.66091245376079	8.66091245376079	3.23523659009e-05
8.68392891654545	8.68392891654545	2.79721265132e-05
8.712700181765857	8.712700181765857	3.17096597337e-05
8.734895191122071	8.734895191122071	3.70449979566e-05
8.739827373612822	8.739827373612822	4.30614899227e-05
8.764488286066584	8.764488286066584	4.43773073899e-05
8.784217016029594	8.784217016029594	3.81769712226e-05
8.784217016029594	8.784217016029594	3.28429374708e-05
8.794081381011097	8.794081381011097	2.82541675562e-05
8.79901356350185	8.79901356350185	2.43065342436e-05
8.808877928483355	8.808877928483355	2.09104588114e-05
8.828606658446363	8.828606658446363	2.54290937162e-05
8.833538840937115	8.833538840937115	2.95590423324e-05
8.838471023427868	8.838471023427868	3.43597374472e-05
8.84340320591862	8.84340320591862	3.99401152501e-05
8.848335388409371	8.848335388409371	4.6426804298e-05
8.858199753390876	8.858199753390876	5.3966998939e-05
8.86806411837238	8.86806411837238	6.27317994103e-05
8.882860665844635	8.882860665844635	7.29200944025e-05
8.887792848335389	8.887792848335389	8.47630741929e-05
8.897657213316894	8.897657213316894	9.85294767582e-05
8.912453760789148	8.912453760789148	0.0001145316859101
8.946979038224415	8.946979038224415	0.0001062296902234
8.951911220715166	8.951911220715166	9.13874244557e-05
8.961775585696671	8.961775585696671	7.86188995853e-05
8.966707768187423	8.966707768187423	6.76343753948e-05
8.976572133168927	8.976572133168927	5.81845937703e-05
9.001233045622687	9.001233045622687	5.00551225979e-05
9.029181653268534	9.029181653268534	4.28460249172e-05
9.053842565722295	9.053842565722295	3.59465884709e-05
9.074393727482468	9.074393727482468	3.09241807203e-05
9.111385096163108	9.111385096163108	3.09241807203e-05
9.123715552389989	9.123715552389989	3.46192623938e-05
9.13604600861687	9.13604600861687	3.97402685387e-05
9.13604600861687	9.13604600861687	4.6777473855e-05
9.139334155363748	9.139334155363748	5.73154964937e-05
9.139334155363748	9.139334155363748	6.66241277046e-05
9.154130702836005	9.154130702836005	7.74445771901e-05
9.16399506781751	9.16399506781751	9.00223799213e-05
9.16892725030826	9.16892725030826	0.0001046429482959
9.181257480757743	9.181257480757743	0.0001228646296483
