0.1909814323607426	0.1909814323607426	1.7599850632637217e-07
0.19893899204244025	0.19893899204244025	2.149489506730609e-07
0.2068965517241379	0.2068965517241379	3.0975474229114066e-07
0.21485411140583555	0.21485411140583555	4.08111133859441e-07
0.22281167108753308	0.22281167108753308	4.08111133859441e-07
0.23076923076923073	0.23076923076923073	3.2506936875013875e-07
0.23872679045092837	0.23872679045092837	1.992513156017075e-07
0.2466843501326259	0.2466843501326259	1.3637367339519254e-07
0.25464190981432355	0.25464190981432355	1.212920497343288e-07
0.2625994694960212	0.2625994694960212	1.2045874200284942e-07
0.27055702917771873	0.27055702917771873	1.212920497343288e-07
0.2785145888594164	0.2785145888594164	1.6427401139492347e-07
0.286472148541114	0.286472148541114	2.553792626718815e-07
0.29442970822281156	0.29442970822281156	3.654889501975828e-07
0.3023872679045092	0.3023872679045092	3.6801732433553227e-07
0.31034482758620685	0.31034482758620685	3.3646981377043555e-07
0.3183023872679045	0.3183023872679045	2.66164236547033e-07
0.32625994694960214	0.32625994694960214	1.7478935109837639e-07
0.3342175066312998	0.3342175066312998	1.1399511145822793e-07
0.3421750663129972	0.3421750663129972	1.0422312045320936e-07
0.35013262599469486	0.35013262599469486	1.4711761328754887e-07
0.3580901856763925	0.3580901856763925	2.0623921999107823e-07
0.36604774535809015	0.36604774535809015	1.992513156017075e-07
0.3740053050397878	0.3740053050397878	1.5870799400339215e-07
0.38196286472148544	0.38196286472148544	1.5439127527048792e-07
0.3899204244031831	0.3899204244031831	1.6427401139492347e-07
0.3978779840848805	0.3978779840848805	1.5761762906405534e-07
0.40583554376657816	0.40583554376657816	1.3922350877436445e-07
0.4137931034482758	0.4137931034482758	1.3543675101108435e-07
0.42175066312997345	0.42175066312997345	1.5980590185342998e-07
0.4297082228116711	0.4297082228116711	1.847000724809159e-07
0.43766578249336874	0.43766578249336874	1.8343113524438416e-07
0.44562334217506616	0.44562334217506616	1.5980590185342998e-07
0.4535809018567638	0.4535809018567638	1.4711761328754887e-07
0.46949602	0.46949602	nan
0.62864721	0.62864721	nan
0.6445623342175066	0.6445623342175066	2.0910252707092852e-07
0.6525198938992043	0.6525198938992043	2.1643592139424778e-07
0.6604774535809017	0.6604774535809017	2.1347219582505913e-07
0.6684350132625994	0.6684350132625994	2.0341512108125038e-07
0.676392572944297	0.676392572944297	1.9250017901895037e-07
0.6843501326259946	0.6843501326259946	1.8726434238654505e-07
0.6923076923076923	0.6923076923076923	1.772160262307982e-07
0.7002652519893899	0.7002652519893899	1.5761762906405534e-07
0.7082228116710876	0.7082228116710876	1.3922350877436445e-07
0.716180371352785	0.716180371352785	1.3450626552591702e-07
0.7241379310344827	0.7241379310344827	1.3084781265632617e-07
0.7320954907161803	0.7320954907161803	1.2641435909477636e-07
0.7400530503978779	0.7400530503978779	1.3826700728461734e-07
0.7480106100795756	0.7480106100795756	1.847000724809159e-07
0.7559681697612732	0.7559681697612732	2.5362474113060894e-07
0.7639257294429709	0.7639257294429709	3.034142181137317e-07
0.7718832891246683	0.7718832891246683	3.458773761188592e-07
0.779840848806366	0.779840848806366	3.8355913923089994e-07
0.7877984084880636	0.7877984084880636	3.6801732433553227e-07
0.7957559681697612	0.7957559681697612	2.871334785404596e-07
0.8037135278514589	0.8037135278514589	2.149489506730609e-07
0.8116710875331565	0.8116710875331565	1.5870799400339215e-07
0.8196286472148542	0.8196286472148542	1.3543675101108435e-07
0.8275862068965516	0.8275862068965516	1.373170772073274e-07
0.8355437665782492	0.8355437665782492	1.4311614278061933e-07
0.8435013262599469	0.8435013262599469	1.481353413706332e-07
0.8514588859416445	0.8514588859416445	1.5653475521367343e-07
0.8594164456233422	0.8594164456233422	1.7478935109837639e-07
0.8673740053050398	0.8673740053050398	1.9517274113143922e-07
0.8753315649867373	0.8753315649867373	1.9652290427821196e-07
0.8832891246684349	0.8832891246684349	1.6770688724182607e-07
0.8912466843501325	0.8912466843501325	1.373170772073274e-07
0.8992042440318302	0.8992042440318302	1.2994885436373807e-07
0.9071618037135278	0.9071618037135278	1.3266442866359186e-07
0.92307692	0.92307692	nan
1.01061008	1.01061008	nan
1.026525198938992	1.026525198938992	1.6314540647748363e-07
1.0344827586206895	1.0344827586206895	1.847000724809159e-07
1.0424403183023871	1.0424403183023871	2.0341512108125038e-07
1.0503978779840848	1.0503978779840848	1.992513156017075e-07
1.0583554376657824	1.0583554376657824	1.8217091593464385e-07
1.06631299734748	1.06631299734748	1.6314540647748363e-07
1.0742705570291777	1.0742705570291777	1.6770688724182607e-07
1.0822281167108754	1.0822281167108754	2.0766593866417194e-07
1.0901856763925728	1.0901856763925728	2.951616165520671e-07
1.0981432360742704	1.0981432360742704	3.809239888075971e-07
1.106100795755968	1.106100795755968	3.9157447223302086e-07
1.1140583554376657	1.1140583554376657	3.458773761188592e-07
1.1220159151193634	1.1220159151193634	2.851607973288021e-07
1.129973474801061	1.129973474801061	2.2870804266841125e-07
1.1379310344827587	1.1379310344827587	1.847000724809159e-07
1.145888594164456	1.145888594164456	1.5653475521367343e-07
1.1538461538461537	1.1538461538461537	1.4311614278061933e-07
1.1618037135278514	1.1618037135278514	1.3543675101108435e-07
1.169761273209549	1.169761273209549	1.2468332726813548e-07
1.1777188328912467	1.1777188328912467	1.1089454405340798e-07
1.1856763925729443	1.1856763925729443	1.0422312045320936e-07
1.193633952254642	1.193633952254642	1.0494411363833254e-07
1.2015915119363394	1.2015915119363394	1.2468332726813548e-07
1.209549071618037	1.209549071618037	1.5870799400339215e-07
1.2175066312997347	1.2175066312997347	1.9117765303444426e-07
1.2254641909814323	1.2254641909814323	2.0341512108125038e-07
1.23342175066313	1.23342175066313	1.8726434238654505e-07
1.2413793103448276	1.2413793103448276	1.461068772594429e-07
1.249336870026525	1.249336870026525	1.1013266987335254e-07
1.2572944297082227	1.2572944297082227	8.955623110333053e-08
1.2652519893899203	1.2652519893899203	8.187921168038979e-08
1.273209549071618	1.273209549071618	7.856146632756904e-08
1.2811671087533156	1.2811671087533156	7.748569930605023e-08
1.2891246684350133	1.2891246684350133	8.02031852943313e-08
1.2970822281167107	1.2970822281167107	8.30159757086244e-08
1.3050397877984083	1.3050397877984083	8.30159757086244e-08
1.312997347480106	1.312997347480106	9.269704037995997e-08
1.3209549071618036	1.3209549071618036	1.1557775422482095e-07
1.3289124668435013	1.3289124668435013	1.3637367339519254e-07
1.336870026525199	1.336870026525199	1.461068772594429e-07
1.3448275862068966	1.3448275862068966	1.3084781265632617e-07
1.3527851458885942	1.3527851458885942	1.2382672058347052e-07
1.3607427055702919	1.3607427055702919	1.2641435909477636e-07
1.3687002652519895	1.3687002652519895	1.3358217271653116e-07
1.3766578249336872	1.3766578249336872	1.501919675144914e-07
1.3846153846153844	1.3846153846153844	1.7358850307932178e-07
1.392572944297082	1.392572944297082	1.992513156017075e-07
1.4005305039787797	1.4005305039787797	2.194407936299403e-07
1.4084880636604773	1.4084880636604773	2.318832939994602e-07
1.416445623342175	1.416445623342175	2.3672901824099804e-07
1.4244031830238726	1.4244031830238726	2.4503129589804715e-07
1.4323607427055702	1.4323607427055702	2.518822736058081e-07
1.4403183023872679	1.4403183023872679	2.4001562819794405e-07
1.4482758620689655	1.4482758620689655	2.255762710587404e-07
1.4562334217506632	1.4562334217506632	2.1347219582505913e-07
1.4641909814323608	1.4641909814323608	2.149489506730609e-07
1.4721485411140585	1.4721485411140585	2.255762710587404e-07
1.480106100795756	1.480106100795756	2.2248738378886234e-07
1.4880636604774538	1.4880636604774538	2.0482230324402616e-07
1.496021220159151	1.496021220159151	1.772160262307982e-07
1.5039787798408486	1.5039787798408486	1.3826700728461734e-07
1.5119363395225462	1.5119363395225462	9.931297415345473e-08
1.519893899204244	1.519893899204244	7.332793603807494e-08
1.5278514588859415	1.5278514588859415	5.800601811626419e-08
1.5358090185676392	1.5358090185676392	5.0535063339416226e-08
1.5437665782493368	1.5437665782493368	4.916055378206464e-08
1.5517241379310345	1.5517241379310345	5.88113404131261e-08
1.5596816976127321	1.5596816976127321	7.965216868160665e-08
1.5676392572944298	1.5676392572944298	1.1013266987335254e-07
1.5755968169761274	1.5755968169761274	1.3922350877436445e-07
1.583554376657825	1.583554376657825	1.3543675101108435e-07
1.5915119363395227	1.5915119363395227	1.2045874200284942e-07
1.59946949602122	1.59946949602122	1.0350708067761981e-07
1.6074270557029176	1.6074270557029176	9.863066835204768e-08
1.6153846153846152	1.6153846153846152	1.0069177854394301e-07
1.6233421750663128	1.6233421750663128	1.0713715750403295e-07
1.6312997347480105	1.6312997347480105	1.1557775422482095e-07
1.6392572944297081	1.6392572944297081	1.179930119856106e-07
1.6472148541114058	1.6472148541114058	1.179930119856106e-07
1.6551724137931034	1.6551724137931034	1.212920497343288e-07
1.663129973474801	1.663129973474801	1.2468332726813548e-07
1.6710875331564987	1.6710875331564987	1.179930119856106e-07
1.6790450928381964	1.6790450928381964	1.1399511145822793e-07
1.687002652519894	1.687002652519894	1.1243414031991166e-07
1.6949602122015917	1.6949602122015917	1.1478370518043986e-07
1.7029177718832893	1.7029177718832893	1.2297599900813268e-07
1.7108753315649865	1.7108753315649865	1.2641435909477636e-07
1.7188328912466841	1.7188328912466841	1.2816942357478395e-07
1.7267904509283818	1.7267904509283818	1.3084781265632617e-07
1.7347480106100794	1.7347480106100794	1.3637367339519254e-07
1.742705570291777	1.742705570291777	1.461068772594429e-07
1.7506631299734747	1.7506631299734747	1.6091140479440665e-07
1.7586206896551724	1.7586206896551724	1.7478935109837639e-07
1.76657824933687	1.76657824933687	1.8597778795298644e-07
1.7745358090185677	1.7745358090185677	1.978824075639423e-07
1.7824933687002653	1.7824933687002653	2.0341512108125038e-07
1.790450928381963	1.790450928381963	2.0201760662364085e-07
1.7984084880636606	1.7984084880636606	1.9652290427821196e-07
1.8063660477453582	1.8063660477453582	1.8855979692763114e-07
1.8143236074270555	1.8143236074270555	1.8217091593464385e-07
1.822281167108753	1.822281167108753	1.7967639192938614e-07
1.8302387267904507	1.8302387267904507	1.7599850632637217e-07
1.8381962864721484	1.8381962864721484	1.7121150076944994e-07
1.846153846153846	1.846153846153846	1.5870799400339215e-07
1.8541114058355437	1.8541114058355437	1.441061895492945e-07
1.8620689655172413	1.8620689655172413	1.2994885436373807e-07
1.870026525198939	1.870026525198939	1.2045874200284942e-07
1.8779840848806366	1.8779840848806366	1.132119355787118e-07
1.8859416445623343	1.8859416445623343	1.0862458837004186e-07
1.893899204244032	1.893899204244032	1.0138834266342462e-07
1.9018567639257296	1.9018567639257296	9.5288812810053e-08
1.9098143236074272	1.9098143236074272	9.142771046932203e-08
1.9177718832891248	1.9177718832891248	8.83299092881193e-08
1.925729442970822	1.925729442970822	8.475078169222033e-08
1.9336870026525197	1.9336870026525197	8.1316680333198e-08
1.9416445623342173	1.9416445623342173	7.802172874847369e-08
1.949602122015915	1.949602122015915	7.486028858970993e-08
1.9575596816976126	1.9575596816976126	7.182694997442359e-08
1.9655172413793103	1.9655172413793103	6.939327194255798e-08
1.973474801061008	1.973474801061008	6.658145682148509e-08
1.9814323607427056	1.9814323607427056	6.521856780283386e-08
1.9893899204244032	1.9893899204244032	6.477049938528174e-08
1.9973474801061009	1.9973474801061009	6.658145682148509e-08
2.0053050397877987	2.0053050397877987	7.537815600410737e-08
2.0132625994694964	2.0132625994694964	9.206018775356714e-08
2.021220159151194	2.021220159151194	1.1243414031991166e-07
2.0291777188328908	2.0291777188328908	1.3175298974950138e-07
2.0371352785145884	2.0371352785145884	1.4115640814419568e-07
2.045092838196286	2.045092838196286	1.4018662713619012e-07
2.0530503978779837	2.0530503978779837	1.4213289788913783e-07
2.0610079575596814	2.0610079575596814	1.481353413706332e-07
2.068965517241379	2.068965517241379	1.5227714667653192e-07
2.0769230769230766	2.0769230769230766	1.5653475521367343e-07
2.0848806366047743	2.0848806366047743	1.6314540647748363e-07
2.092838196286472	2.092838196286472	1.7478935109837639e-07
2.1007957559681696	2.1007957559681696	1.89864213145279e-07
2.1087533156498672	2.1087533156498672	2.0341512108125038e-07
2.116710875331565	2.116710875331565	1.9250017901895037e-07
2.1246684350132625	2.1246684350132625	1.7003523350690578e-07
2.13262599469496	2.13262599469496	1.481353413706332e-07
2.140583554376658	2.140583554376658	1.3084781265632617e-07
2.1485411140583555	2.1485411140583555	1.3175298974950138e-07
2.156498673740053	2.156498673740053	1.3358217271653116e-07
2.1644562334217508	2.1644562334217508	1.2816942357478395e-07
2.1724137931034484	2.1724137931034484	1.1963115931086656e-07
2.180371352785146	2.180371352785146	1.0862458837004186e-07
2.1883289124668437	2.1883289124668437	1.0138834266342462e-07
2.1962864721485413	2.1962864721485413	1.0350708067761981e-07
2.204244031830239	2.204244031830239	1.1013266987335254e-07
2.2122015915119366	2.2122015915119366	1.2213112210989955e-07
2.2201591511936343	2.2201591511936343	1.2905607214696973e-07
2.228116710875332	2.228116710875332	1.2905607214696973e-07
2.2360742705570296	2.2360742705570296	1.2468332726813548e-07
2.2440318302387263	2.2440318302387263	1.1557775422482095e-07
2.251989389920424	2.251989389920424	1.0640109754072632e-07
2.2599469496021216	2.2599469496021216	9.66117480517658e-08
2.2679045092838193	2.2679045092838193	8.592741295203929e-08
2.275862068965517	2.275862068965517	7.642466310281515e-08
2.2838196286472146	2.2838196286472146	7.282415416475518e-08
2.291777188328912	2.291777188328912	7.383520296630259e-08
2.29973474801061	2.29973474801061	8.187921168038979e-08
2.3076923076923075	2.3076923076923075	9.72800873957162e-08
2.315649867374005	2.315649867374005	1.1166168871557288e-07
2.323607427055703	2.323607427055703	1.212920497343288e-07
2.3315649867374004	2.3315649867374004	1.0862458837004186e-07
2.339522546419098	2.339522546419098	9.66117480517658e-08
2.3474801061007957	2.3474801061007957	8.894095664845883e-08
2.3554376657824934	2.3554376657824934	8.592741295203929e-08
2.363395225464191	2.363395225464191	8.894095664845883e-08
2.3713527851458887	2.3713527851458887	9.39839929392869e-08
2.3793103448275863	2.3793103448275863	9.931297415345473e-08
2.387267904509284	2.387267904509284	1.0422312045320936e-07
2.3952254641909816	2.3952254641909816	1.0862458837004186e-07
2.4031830238726792	2.4031830238726792	1.1166168871557288e-07
2.411140583554377	2.411140583554377	1.1166168871557288e-07
2.4190981432360745	2.4190981432360745	1.132119355787118e-07
2.427055702917772	2.427055702917772	1.1637729633011944e-07
2.43501326259947	2.43501326259947	1.171823694961522e-07
2.4429708222811675	2.4429708222811675	1.1557775422482095e-07
2.450928381962865	2.450928381962865	1.1557775422482095e-07
2.458885941644562	2.458885941644562	1.1963115931086656e-07
2.4668435013262595	2.4668435013262595	1.2554585977405068e-07
2.474801061007957	2.474801061007957	1.3450626552591702e-07
2.482758620689655	2.482758620689655	1.3450626552591702e-07
2.4907161803713525	2.4907161803713525	1.2382672058347052e-07
2.49867374005305	2.49867374005305	1.0422312045320936e-07
2.5066312997347477	2.5066312997347477	8.244563449874441e-08
2.5145888594164454	2.5145888594164454	6.344467975683119e-08
2.522546419098143	2.522546419098143	5.45163719707511e-08
2.5305039787798407	2.5305039787798407	5.681866402579559e-08
2.5384615384615383	2.5384615384615383	6.257591167797891e-08
2.546419098143236	2.546419098143236	6.987331970879663e-08
2.5543766578249336	2.5543766578249336	7.748569930605023e-08
2.5623342175066313	2.5623342175066313	8.35902624166216e-08
2.570291777188329	2.570291777188329	9.333829861617872e-08
2.5782493368700266	2.5782493368700266	1.0567009449961369e-07
2.586206896551724	2.586206896551724	1.179930119856106e-07
2.594164456233422	2.594164456233422	1.2641435909477636e-07
2.6021220159151195	2.6021220159151195	1.2045874200284942e-07
2.610079575596817	2.610079575596817	1.1089454405340798e-07
2.618037135278515	2.618037135278515	1e-07
2.6259946949602124	2.6259946949602124	8.772305998107993e-08
2.63395225464191	2.63395225464191	7.383520296630259e-08
2.6419098143236077	2.6419098143236077	6.566973586156078e-08
2.6498673740053054	2.6498673740053054	6.171903991537765e-08
2.657824933687003	2.657824933687003	6.521856780283386e-08
2.6657824933687007	2.6657824933687007	7.486028858970993e-08
2.6737400530503974	2.6737400530503974	8.65218403582068e-08
2.681697612732095	2.681697612732095	1.0138834266342462e-07
2.6896551724137927	2.6896551724137927	1.2045874200284942e-07
2.6976127320954904	2.6976127320954904	1.441061895492945e-07
2.705570291777188	2.705570291777188	1.7121150076944994e-07
2.7135278514588856	2.7135278514588856	1.9117765303444426e-07
2.7214854111405833	2.7214854111405833	1.9652290427821196e-07
2.729442970822281	2.729442970822281	1.9117765303444426e-07
2.7374005305039786	2.7374005305039786	1.772160262307982e-07
2.7453580901856762	2.7453580901856762	1.5653475521367343e-07
2.753315649867374	2.753315649867374	1.3358217271653116e-07
2.7612732095490715	2.7612732095490715	1.1243414031991166e-07
2.769230769230769	2.769230769230769	9.39839929392869e-08
2.777188328912467	2.777188328912467	7.965216868160665e-08
2.7851458885941645	2.7851458885941645	7.133348026331417e-08
2.793103448275862	2.793103448275862	6.844304790829892e-08
2.8010610079575597	2.8010610079575597	7.695335252444132e-08
2.8090185676392574	2.8090185676392574	9.39839929392869e-08
2.816976127320955	2.816976127320955	1.179930119856106e-07
2.8249336870026527	2.8249336870026527	1.2468332726813548e-07
2.8328912466843503	2.8328912466843503	1.1089454405340798e-07
2.840848806366048	2.840848806366048	8.53370694157911e-08
2.8488063660477456	2.8488063660477456	6.214599899103985e-08
2.8567639257294433	2.8567639257294433	5.088465406476632e-08
2.864721485411141	2.864721485411141	4.815426190893805e-08
2.8726790450928386	2.8726790450928386	5.1236663183745996e-08
2.880636604774536	2.880636604774536	5.45163719707511e-08
2.888594164456233	2.888594164456233	6.087390156900405e-08
2.8965517241379306	2.8965517241379306	7.486028858970993e-08
2.9045092838196283	2.9045092838196283	9.333829861617872e-08
2.912466843501326	2.912466843501326	1.1013266987335254e-07
2.9204244031830235	2.9204244031830235	1.0937602996583223e-07
2.928381962864721	2.928381962864721	9.333829861617872e-08
2.936339522546419	2.936339522546419	7.910493769543017e-08
2.9442970822281165	2.9442970822281165	7.035668834248278e-08
2.952254641909814	2.952254641909814	6.844304790829892e-08
2.9602122015915118	2.9602122015915118	7.084340081666493e-08
2.9681697612732094	2.9681697612732094	8.02031852943313e-08
2.976127320954907	2.976127320954907	9.66117480517658e-08
2.9840848806366047	2.9840848806366047	1.212920497343288e-07
2.9920424403183024	2.9920424403183024	1.501919675144914e-07
3.0	3.0	1.7478935109837639e-07
3.0079575596816976	3.0079575596816976	1.89864213145279e-07
3.0159151193633953	3.0159151193633953	1.7967639192938614e-07
3.023872679045093	3.023872679045093	1.6314540647748363e-07
3.0318302387267906	3.0318302387267906	1.461068772594429e-07
3.0397877984084882	3.0397877984084882	1.4510308524909036e-07
3.047745358090186	3.047745358090186	1.5227714667653192e-07
3.0557029177718835	3.0557029177718835	1.5653475521367343e-07
3.063660477453581	3.063660477453581	1.5545932098652915e-07
3.071618037135279	3.071618037135279	1.3358217271653116e-07
3.0795755968169765	3.0795755968169765	1.0862458837004186e-07
3.087533156498674	3.087533156498674	9.017576189486739e-08
3.0954907161803717	3.0954907161803717	8.02031852943313e-08
3.1034482758620685	3.1034482758620685	8.1316680333198e-08
3.111405835543766	3.111405835543766	9.72800873957162e-08
3.119363395225464	3.119363395225464	1.171823694961522e-07
3.1273209549071614	3.1273209549071614	1.3358217271653116e-07
3.135278514588859	3.135278514588859	1.373170772073274e-07
3.1432360742705567	3.1432360742705567	1.1557775422482095e-07
3.1511936339522544	3.1511936339522544	8.592741295203929e-08
3.159151193633952	3.159151193633952	6.521856780283386e-08
3.1671087533156497	3.1671087533156497	6.214599899103985e-08
3.1750663129973473	3.1750663129973473	6.521856780283386e-08
3.183023872679045	3.183023872679045	7.084340081666493e-08
3.1909814323607426	3.1909814323607426	7.182694997442359e-08
3.1989389920424403	3.1989389920424403	7.133348026331417e-08
3.206896551724138	3.206896551724138	7.232383340311534e-08
3.2148541114058355	3.2148541114058355	7.486028858970993e-08
3.222811671087533	3.222811671087533	8.244563449874441e-08
3.230769230769231	3.230769230769231	9.5288812810053e-08
3.2387267904509285	3.2387267904509285	1.1013266987335254e-07
3.246684350132626	3.246684350132626	1.212920497343288e-07
3.2546419098143238	3.2546419098143238	1.2641435909477636e-07
3.2625994694960214	3.2625994694960214	1.2554585977405068e-07
3.270557029177719	3.270557029177719	1.2297599900813268e-07
3.2785145888594167	3.2785145888594167	1.2468332726813548e-07
3.2864721485411144	3.2864721485411144	1.2468332726813548e-07
3.294429708222811	3.294429708222811	1.179930119856106e-07
3.3023872679045088	3.3023872679045088	1.1013266987335254e-07
3.3103448275862064	3.3103448275862064	1.0494411363833254e-07
3.318302387267904	3.318302387267904	9.594800037185096e-08
3.3262599469496017	3.3262599469496017	8.30159757086244e-08
3.3342175066312993	3.3342175066312993	6.70420530540208e-08
3.342175066312997	3.342175066312997	5.45163719707511e-08
3.3501326259946946	3.3501326259946946	4.815426190893805e-08
3.3580901856763923	3.3580901856763923	5.088465406476632e-08
3.36604774535809	3.36604774535809	6.300879840864389e-08
3.3740053050397876	3.3740053050397876	7.965216868160665e-08
3.381962864721485	3.381962864721485	9.66117480517658e-08
3.389920424403183	3.389920424403183	1.0138834266342462e-07
3.3978779840848805	3.3978779840848805	9.66117480517658e-08
3.405835543766578	3.405835543766578	9.269704037995997e-08
3.413793103448276	3.413793103448276	8.772305998107993e-08
3.4217506631299734	3.4217506631299734	7.910493769543017e-08
3.429708222811671	3.429708222811671	7.383520296630259e-08
3.4376657824933687	3.4376657824933687	6.987331970879663e-08
3.4456233421750664	3.4456233421750664	6.658145682148509e-08
3.453580901856764	3.453580901856764	6.344467975683119e-08
3.4615384615384617	3.4615384615384617	6.004033596947634e-08
3.4694960212201593	3.4694960212201593	5.760750177925361e-08
3.477453580901856	3.477453580901856	5.7211723352481105e-08
3.4854111405835537	3.4854111405835537	6.045568213142446e-08
3.4933687002652514	3.4933687002652514	7.035668834248278e-08
3.501326259946949	3.501326259946949	9.795305016784876e-08
3.5092838196286467	3.5092838196286467	1.5439127527048792e-07
3.5172413793103443	3.5172413793103443	2.194407936299403e-07
3.525198938992042	3.525198938992042	2.5714592161672545e-07
3.5331564986737396	3.5331564986737396	2.4334786756310275e-07
3.5411140583554372	3.5411140583554372	1.7478935109837639e-07
3.549071618037135	3.549071618037135	1.2045874200284942e-07
3.5570291777188325	3.5570291777188325	9.269704037995997e-08
3.56498673740053	3.56498673740053	7.802172874847369e-08
3.572944297082228	3.572944297082228	7.910493769543017e-08
3.5809018567639255	3.5809018567639255	9.72800873957162e-08
3.588859416445623	3.588859416445623	1.1963115931086656e-07
3.5968169761273208	3.5968169761273208	1.2213112210989955e-07
3.6047745358090184	3.6047745358090184	1.1637729633011944e-07
3.612732095490716	3.612732095490716	1.1478370518043986e-07
3.6206896551724137	3.6206896551724137	1.3450626552591702e-07
3.6286472148541113	3.6286472148541113	1.5761762906405534e-07
3.636604774535809	3.636604774535809	1.6202455536753196e-07
3.6445623342175066	3.6445623342175066	1.4213289788913783e-07
3.6525198938992043	3.6525198938992043	9.594800037185096e-08
3.660477453580902	3.660477453580902	6.658145682148509e-08
3.6684350132625996	3.6684350132625996	5.30335742981204e-08
3.676392572944297	3.676392572944297	4.8822808071277066e-08
3.684350132625995	3.684350132625995	4.815426190893805e-08
3.6923076923076916	3.6923076923076916	5.088465406476632e-08
3.7002652519893893	3.7002652519893893	6.257591167797891e-08
3.708222811671087	3.708222811671087	7.695335252444132e-08
3.7161803713527846	3.7161803713527846	8.53370694157911e-08
3.724137931034482	3.724137931034482	7.965216868160665e-08
3.73209549071618	3.73209549071618	7.856146632756904e-08
3.7400530503978775	3.7400530503978775	8.30159757086244e-08
3.748010610079575	3.748010610079575	9.269704037995997e-08
3.755968169761273	3.755968169761273	9.39839929392869e-08
3.7639257294429704	3.7639257294429704	8.30159757086244e-08
3.771883289124668	3.771883289124668	8.02031852943313e-08
3.7798408488063657	3.7798408488063657	9.46341540371818e-08
3.7877984084880634	3.7877984084880634	1.179930119856106e-07
3.795755968169761	3.795755968169761	1.212920497343288e-07
3.8037135278514587	3.8037135278514587	9.333829861617872e-08
3.8116710875331563	3.8116710875331563	6.388357643866231e-08
3.819628647214854	3.819628647214854	6.004033596947634e-08
3.8275862068965516	3.8275862068965516	7.282415416475518e-08
3.8355437665782492	3.8355437665782492	1.2297599900813268e-07
3.843501326259947	3.843501326259947	1.809193546572846e-07
3.8514588859416445	3.8514588859416445	1.9652290427821196e-07
3.859416445623342	3.859416445623342	1.7358850307932178e-07
3.86737400530504	3.86737400530504	1.1880926232587916e-07
3.8753315649867375	3.8753315649867375	7.486028858970993e-08
3.883289124668435	3.883289124668435	5.15911074262835e-08
3.8912466843501328	3.8912466843501328	4.620305139544997e-08
3.8992042440318304	3.8992042440318304	5.194800363804112e-08
3.907161803713527	3.907161803713527	6.004033596947634e-08
3.915119363395225	3.915119363395225	6.045568213142446e-08
3.9230769230769225	3.9230769230769225	5.84072913037882e-08
3.93103448275862	3.93103448275862	7.332793603807494e-08
3.9389920424403178	3.9389920424403178	1.1243414031991166e-07
3.9469496021220154	3.9469496021220154	1.5439127527048792e-07
3.954907161803713	3.954907161803713	1.5870799400339215e-07
3.9628647214854107	3.9628647214854107	1.2728886650745708e-07
3.9708222811671083	3.9708222811671083	1.2045874200284942e-07
3.978779840848806	3.978779840848806	1.3358217271653116e-07
3.9867374005305036	3.9867374005305036	1.5870799400339215e-07
3.9946949602122013	3.9946949602122013	1.5761762906405534e-07
4.002652519893899	4.002652519893899	1.2816942357478395e-07
4.010610079575597	4.010610079575597	1e-07
4.018567639257294	4.018567639257294	8.35902624166216e-08
4.026525198938992	4.026525198938992	7.589960591416366e-08
4.0344827586206895	4.0344827586206895	7.383520296630259e-08
4.042440318302387	4.042440318302387	8.416852191684546e-08
4.050397877984085	4.050397877984085	1.1880926232587916e-07
4.058355437665782	4.058355437665782	1.6541042375902805e-07
4.06631299734748	4.06631299734748	1.7121150076944994e-07
4.074270557029178	4.074270557029178	1.5761762906405534e-07
4.082228116710875	4.082228116710875	1.6770688724182607e-07
4.090185676392573	4.090185676392573	1.89864213145279e-07
4.098143236074271	4.098143236074271	1.9383185395445534e-07
4.106100795755968	4.106100795755968	1.501919675144914e-07
4.114058355437666	4.114058355437666	1.0208972546402961e-07
4.122015915119363	4.122015915119363	7.910493769543017e-08
4.12997347480106	4.12997347480106	7.589960591416366e-08
4.137931034482758	4.137931034482758	7.383520296630259e-08
4.145888594164456	4.145888594164456	8.35902624166216e-08
4.153846153846153	4.153846153846153	1.1478370518043986e-07
4.161803713527851	4.161803713527851	1.3175298974950138e-07
4.169761273209549	4.169761273209549	1.1637729633011944e-07
4.177718832891246	4.177718832891246	9.594800037185096e-08
4.185676392572944	4.185676392572944	9.142771046932203e-08
4.1936339522546415	4.1936339522546415	8.65218403582068e-08
4.201591511936339	4.201591511936339	8.02031852943313e-08
4.209549071618037	4.209549071618037	8.35902624166216e-08
4.2175066312997345	4.2175066312997345	9.39839929392869e-08
4.225464190981432	4.225464190981432	1.1478370518043986e-07
4.23342175066313	4.23342175066313	1.3084781265632617e-07
4.241379310344827	4.241379310344827	1.2045874200284942e-07
4.249336870026525	4.249336870026525	8.35902624166216e-08
4.257294429708223	4.257294429708223	6.566973586156078e-08
4.26525198938992	4.26525198938992	6.388357643866231e-08
4.273209549071618	4.273209549071618	6.797282647900554e-08
4.281167108753316	4.281167108753316	8.30159757086244e-08
4.289124668435013	4.289124668435013	1.1880926232587916e-07
4.297082228116711	4.297082228116711	1.7003523350690578e-07
4.305039787798409	4.305039787798409	2.209588379569305e-07
4.312997347480106	4.312997347480106	2.4672636982901534e-07
4.320954907161804	4.320954907161804	1.978824075639423e-07
4.3289124668435015	4.3289124668435015	1.179930119856106e-07
4.336870026525198	4.336870026525198	8.075801372175635e-08
4.344827586206896	4.344827586206896	8.244563449874441e-08
4.3527851458885936	4.3527851458885936	8.475078169222033e-08
4.360742705570291	4.360742705570291	7.589960591416366e-08
4.368700265251989	4.368700265251989	7.486028858970993e-08
4.3766578249336865	4.3766578249336865	9.931297415345473e-08
4.384615384615384	4.384615384615384	1.3922350877436445e-07
4.392572944297082	4.392572944297082	1.3266442866359186e-07
4.400530503978779	4.400530503978779	1.1013266987335254e-07
4.408488063660477	4.408488063660477	1.0787830937223627e-07
4.416445623342175	4.416445623342175	1.2468332726813548e-07
4.424403183023872	4.424403183023872	1.2297599900813268e-07
4.43236074270557	4.43236074270557	9.863066835204768e-08
4.440318302387268	4.440318302387268	9.931297415345473e-08
4.448275862068965	4.448275862068965	1.4115640814419568e-07
4.456233421750663	4.456233421750663	1.4018662713619012e-07
4.464190981432361	4.464190981432361	1.0422312045320936e-07
4.472148541114058	4.472148541114058	1.0862458837004186e-07
4.480106100795756	4.480106100795756	1.7478935109837639e-07
4.4880636604774535	4.4880636604774535	2.793236988665191e-07
4.496021220159151	4.496021220159151	2.992594712007133e-07
4.503978779840849	4.503978779840849	2.318832939994602e-07
4.5119363395225465	4.5119363395225465	1.89864213145279e-07
4.519893899204244	4.519893899204244	2.0201760662364085e-07
4.527851458885942	4.527851458885942	1.9652290427821196e-07
4.535809018567639	4.535809018567639	1.4115640814419568e-07
4.543766578249337	4.543766578249337	9.931297415345473e-08
4.551724137931034	4.551724137931034	8.1316680333198e-08
4.5596816976127315	4.5596816976127315	9.079957846749322e-08
4.567639257294429	4.567639257294429	1.5761762906405534e-07
4.575596816976127	4.575596816976127	2.2248738378886234e-07
4.583554376657824	4.583554376657824	2.0910252707092852e-07
4.591511936339522	4.591511936339522	1.8343113524438416e-07
4.59946949602122	4.59946949602122	1.5227714667653192e-07
4.607427055702917	4.607427055702917	1.4018662713619012e-07
4.615384615384615	4.615384615384615	1.7358850307932178e-07
4.623342175066313	4.623342175066313	2.194407936299403e-07
4.63129973474801	4.63129973474801	1.8217091593464385e-07
4.639257294429708	4.639257294429708	1.1089454405340798e-07
4.647214854111406	4.647214854111406	9.863066835204768e-08
4.655172413793103	4.655172413793103	1.0640109754072632e-07
4.663129973474801	4.663129973474801	1.4311614278061933e-07
4.6710875331564985	4.6710875331564985	1.9250017901895037e-07
4.679045092838196	4.679045092838196	1.89864213145279e-07
4.687002652519894	4.687002652519894	1.5761762906405534e-07
4.694960212201591	4.694960212201591	1.0937602996583223e-07
4.702917771883289	4.702917771883289	1.0279596028036009e-07
4.710875331564987	4.710875331564987	1.1243414031991166e-07
4.718832891246684	4.718832891246684	1.512309633204825e-07
4.726790450928382	4.726790450928382	1.5870799400339215e-07
4.73474801061008	4.73474801061008	1.1166168871557288e-07
4.742705570291777	4.742705570291777	8.772305998107993e-08
4.750663129973475	4.750663129973475	7.282415416475518e-08
4.758620689655173	4.758620689655173	8.35902624166216e-08
4.766578249336869	4.766578249336869	1.3450626552591702e-07
4.774535809018567	4.774535809018567	1.2728886650745709e-06
