0.23076923076923084	0.23076923076923084	1.5028901734104047e-06
0.23872679045092848	0.23872679045092848	1.8959537572254336e-06
0.24668435013262613	0.24668435013262613	1.8959537572254336e-06
0.2546419098143238	0.2546419098143238	1.8959537572254336e-06
0.2625994694960212	0.2625994694960212	1.8612716763005777e-06
0.27055702917771884	0.27055702917771884	1.722543352601156e-06
0.2785145888594165	0.2785145888594165	1.2832369942196534e-06
0.28647214854111414	0.28647214854111414	1.2832369942196534e-06
0.2944297082228118	0.2944297082228118	1.2947976878612712e-06
0.3023872679045094	0.3023872679045094	1.2947976878612712e-06
0.31034482758620685	0.31034482758620685	1.8265895953757227e-06
0.3183023872679045	0.3183023872679045	1.9421965317919072e-06
0.32625994694960214	0.32625994694960214	1.9421965317919072e-06
0.3342175066312998	0.3342175066312998	1.9421965317919072e-06
0.34217506631299743	0.34217506631299743	1.9421965317919072e-06
0.3501326259946951	0.3501326259946951	3.0751445086705203e-06
0.3580901856763927	0.3580901856763927	3.0751445086705203e-06
0.36604774535809037	0.36604774535809037	3.0751445086705203e-06
0.374005305039788	0.374005305039788	3.0751445086705203e-06
0.38196286472148566	0.38196286472148566	2.9479768786127167e-06
0.3899204244031833	0.3899204244031833	2.705202312138728e-06
0.3978779840848805	0.3978779840848805	2.705202312138728e-06
0.40583554376657816	0.40583554376657816	2.705202312138728e-06
0.4137931034482758	0.4137931034482758	2.6705202312138728e-06
0.42175066312997345	0.42175066312997345	2.6705202312138728e-06
0.4297082228116711	0.4297082228116711	2.6705202312138728e-06
0.43766578249336874	0.43766578249336874	3.144508670520231e-06
0.4456233421750664	0.4456233421750664	3.3410404624277456e-06
0.45358090185676403	0.45358090185676403	3.6416184971098264e-06
0.4615384615384617	0.4615384615384617	3.6416184971098264e-06
0.4694960212201593	0.4694960212201593	3.6416184971098264e-06
0.47745358090185697	0.47745358090185697	3.3526011560693642e-06
0.4854111405835546	0.4854111405835546	1.6647398843930637e-06
0.49336870026525226	0.49336870026525226	1.6647398843930637e-06
0.5013262599469499	0.5013262599469499	1.6647398843930637e-06
0.5092838196286471	0.5092838196286471	2.208092485549133e-06
0.5172413793103448	0.5172413793103448	2.208092485549133e-06
0.5251989389920424	0.5251989389920424	2.208092485549133e-06
0.53315649867374	0.53315649867374	2.208092485549133e-06
0.5411140583554377	0.5411140583554377	1.3410404624277457e-06
0.5490716180371353	0.5490716180371353	1.3410404624277457e-06
0.557029177718833	0.557029177718833	1.3410404624277457e-06
0.5649867374005306	0.5649867374005306	1.8612716763005777e-06
0.5729442970822283	0.5729442970822283	2.2543352601156066e-06
0.5809018567639259	0.5809018567639259	2.2543352601156066e-06
0.5888594164456236	0.5888594164456236	2.2543352601156066e-06
0.5968169761273212	0.5968169761273212	1.5953757225433528e-06
0.6047745358090189	0.6047745358090189	1.2947976878612712e-06
0.612732095490716	0.612732095490716	1.2254335260115603e-06
0.6206896551724137	0.6206896551724137	1.1098265895953758e-06
0.6286472148541113	0.6286472148541113	1.0982658959537572e-06
0.636604774535809	0.636604774535809	1.9653179190751445e-06
0.6445623342175066	0.6445623342175066	2.38150289017341e-06
0.6525198938992043	0.6525198938992043	2.38150289017341e-06
0.6604774535809019	0.6604774535809019	2.4624277456647397e-06
0.6684350132625996	0.6684350132625996	2.4624277456647397e-06
0.6763925729442972	0.6763925729442972	2.4624277456647397e-06
0.6843501326259949	0.6843501326259949	2.450867052023121e-06
0.6923076923076925	0.6923076923076925	1.6184971098265892e-06
0.7002652519893902	0.7002652519893902	1.202312138728324e-06
0.7082228116710878	0.7082228116710878	1.202312138728324e-06
0.7161803713527854	0.7161803713527854	1.202312138728324e-06
0.7241379310344827	0.7241379310344827	1.2138728323699417e-06
0.7320954907161803	0.7320954907161803	1.6994219653179187e-06
0.7400530503978779	0.7400530503978779	2.057803468208092e-06
0.7480106100795756	0.7480106100795756	2.208092485549133e-06
0.7559681697612732	0.7559681697612732	2.208092485549133e-06
0.7639257294429709	0.7639257294429709	2.208092485549133e-06
0.7718832891246685	0.7718832891246685	2.0346820809248554e-06
0.7798408488063662	0.7798408488063662	8.901734104046237e-07
0.7877984084880638	0.7877984084880638	8.901734104046237e-07
0.7957559681697615	0.7957559681697615	1.7109826589595373e-06
0.8037135278514591	0.8037135278514591	2.3005780346820807e-06
0.8116710875331568	0.8116710875331568	2.3005780346820807e-06
0.8196286472148544	0.8196286472148544	2.3005780346820807e-06
0.8275862068965516	0.8275862068965516	2.23121387283237e-06
0.8355437665782492	0.8355437665782492	1.3872832369942193e-06
0.8435013262599469	0.8435013262599469	1.8381502890173405e-06
0.8514588859416445	0.8514588859416445	1.930635838150289e-06
0.8594164456233422	0.8594164456233422	1.930635838150289e-06
0.8673740053050398	0.8673740053050398	1.930635838150289e-06
0.8753315649867375	0.8753315649867375	1.9653179190751445e-06
0.8832891246684351	0.8832891246684351	1.9653179190751445e-06
0.8912466843501328	0.8912466843501328	1.9653179190751445e-06
0.8992042440318304	0.8992042440318304	1.9653179190751445e-06
0.9071618037135281	0.9071618037135281	2.208092485549133e-06
0.9151193633952257	0.9151193633952257	2.219653179190751e-06
0.9230769230769234	0.9230769230769234	2.219653179190751e-06
0.931034482758621	0.931034482758621	2.219653179190751e-06
0.9389920424403182	0.9389920424403182	2.092485549132948e-06
0.9469496021220158	0.9469496021220158	1.5838150289017342e-06
0.9549071618037135	0.9549071618037135	1.4682080924855488e-06
0.9628647214854111	0.9628647214854111	1.3872832369942193e-06
0.9708222811671088	0.9708222811671088	1.3872832369942193e-06
0.9787798408488064	0.9787798408488064	1.1445086705202308e-06
0.9867374005305041	0.9867374005305041	1.1213872832369944e-06
0.9946949602122017	0.9946949602122017	1.1907514450867053e-06
1.0026525198938994	1.0026525198938994	1.1907514450867053e-06
1.010610079575597	1.010610079575597	1.1907514450867053e-06
1.0185676392572947	1.0185676392572947	9.132947976878609e-07
1.0265251989389923	1.0265251989389923	9.248554913294796e-07
1.03448275862069	1.03448275862069	8.554913294797687e-07
1.0424403183023871	1.0424403183023871	8.554913294797687e-07
1.0503978779840848	1.0503978779840848	1.1445086705202308e-06
1.0583554376657824	1.0583554376657824	1.1791907514450867e-06
1.06631299734748	1.06631299734748	1.1791907514450867e-06
1.0742705570291777	1.0742705570291777	1.3179190751445084e-06
1.0822281167108754	1.0822281167108754	1.3179190751445084e-06
1.090185676392573	1.090185676392573	1.722543352601156e-06
1.0981432360742707	1.0981432360742707	1.722543352601156e-06
1.1061007957559683	1.1061007957559683	1.722543352601156e-06
1.114058355437666	1.114058355437666	1.722543352601156e-06
1.1220159151193636	1.1220159151193636	1.1907514450867053e-06
1.1299734748010613	1.1299734748010613	1.0982658959537572e-06
1.137931034482759	1.137931034482759	1.526011560693641e-06
1.1458885941644565	1.1458885941644565	1.722543352601156e-06
1.1538461538461537	1.1538461538461537	1.722543352601156e-06
1.1618037135278514	1.1618037135278514	1.722543352601156e-06
1.169761273209549	1.169761273209549	1.6416184971098265e-06
1.1777188328912467	1.1777188328912467	1.5953757225433528e-06
1.1856763925729443	1.1856763925729443	1.5953757225433528e-06
1.193633952254642	1.193633952254642	1.3526011560693643e-06
1.2015915119363396	1.2015915119363396	1.0867052023121386e-06
1.2095490716180373	1.2095490716180373	9.364161849710982e-07
1.217506631299735	1.217506631299735	9.942196531791904e-07
1.2254641909814326	1.2254641909814326	1.3526011560693643e-06
1.2334217506631302	1.2334217506631302	1.364161849710982e-06
1.2413793103448278	1.2413793103448278	1.364161849710982e-06
1.2493368700265255	1.2493368700265255	1.364161849710982e-06
1.2572944297082227	1.2572944297082227	1.3526011560693643e-06
1.2652519893899203	1.2652519893899203	1.3526011560693643e-06
1.273209549071618	1.273209549071618	1.3526011560693643e-06
1.2811671087533156	1.2811671087533156	1.167630057803468e-06
1.2891246684350133	1.2891246684350133	9.248554913294796e-07
1.297082228116711	1.297082228116711	1.2832369942196534e-06
1.3050397877984086	1.3050397877984086	1.4682080924855488e-06
1.3129973474801062	1.3129973474801062	1.4682080924855488e-06
1.3209549071618039	1.3209549071618039	1.4682080924855488e-06
1.3289124668435015	1.3289124668435015	1.4450867052023116e-06
1.3368700265251992	1.3368700265251992	1.4450867052023116e-06
1.3448275862068968	1.3448275862068968	1.4450867052023116e-06
1.3527851458885944	1.3527851458885944	1.6184971098265892e-06
1.360742705570292	1.360742705570292	1.722543352601156e-06
1.3687002652519893	1.3687002652519893	1.722543352601156e-06
1.376657824933687	1.376657824933687	1.722543352601156e-06
1.3846153846153846	1.3846153846153846	1.364161849710982e-06
1.3925729442970822	1.3925729442970822	1.1213872832369944e-06
1.4005305039787799	1.4005305039787799	1.1445086705202308e-06
1.4084880636604775	1.4084880636604775	1.1445086705202308e-06
1.4164456233421752	1.4164456233421752	1.5028901734104047e-06
1.4244031830238728	1.4244031830238728	1.5491329479768783e-06
1.4323607427055705	1.4323607427055705	1.5491329479768783e-06
1.440318302387268	1.440318302387268	1.5491329479768783e-06
1.4482758620689657	1.4482758620689657	1.2138728323699417e-06
1.4562334217506634	1.4562334217506634	9.017341040462423e-07
1.464190981432361	1.464190981432361	9.479768786127168e-07
1.4721485411140582	1.4721485411140582	1.005780346820809e-06
1.4801061007957559	1.4801061007957559	1.005780346820809e-06
1.4880636604774535	1.4880636604774535	1.167630057803468e-06
1.4960212201591512	1.4960212201591512	1.4450867052023116e-06
1.5039787798408488	1.5039787798408488	1.4450867052023116e-06
1.5119363395225465	1.5119363395225465	1.4450867052023116e-06
1.5198938992042441	1.5198938992042441	1.4335260115606938e-06
1.5278514588859418	1.5278514588859418	1.3410404624277457e-06
1.5358090185676394	1.5358090185676394	1.2485549132947976e-06
1.543766578249337	1.543766578249337	1.2485549132947976e-06
1.5517241379310347	1.5517241379310347	1.364161849710982e-06
1.5596816976127323	1.5596816976127323	1.5144508670520233e-06
1.56763925729443	1.56763925729443	1.5144508670520233e-06
1.5755968169761272	1.5755968169761272	1.5144508670520233e-06
1.5835543766578248	1.5835543766578248	1.4450867052023116e-06
1.5915119363395225	1.5915119363395225	1.2947976878612712e-06
1.5994694960212201	1.5994694960212201	1.6763005780346823e-06
1.6074270557029178	1.6074270557029178	1.6763005780346823e-06
1.6153846153846154	1.6153846153846154	1.6763005780346823e-06
1.623342175066313	1.623342175066313	1.6647398843930637e-06
1.6312997347480107	1.6312997347480107	1.2485549132947976e-06
1.6392572944297084	1.6392572944297084	1.2485549132947976e-06
1.647214854111406	1.647214854111406	1.2485549132947976e-06
1.6551724137931036	1.6551724137931036	1.2485549132947976e-06
1.6631299734748013	1.6631299734748013	8.786127167630059e-07
1.671087533156499	1.671087533156499	7.514450867052019e-07
1.6790450928381966	1.6790450928381966	7.398843930635833e-07
1.6870026525198938	1.6870026525198938	7.398843930635833e-07
1.6949602122015914	1.6949602122015914	1.0982658959537572e-06
1.702917771883289	1.702917771883289	1.3526011560693643e-06
1.7108753315649867	1.7108753315649867	1.4797687861271675e-06
1.7188328912466844	1.7188328912466844	1.4104046242774566e-06
1.726790450928382	1.726790450928382	1.398843930635838e-06
1.7347480106100797	1.7347480106100797	1.398843930635838e-06
1.7427055702917773	1.7427055702917773	1.329479768786127e-06
1.750663129973475	1.750663129973475	1.2947976878612712e-06
1.7586206896551726	1.7586206896551726	1.3063583815028898e-06
1.7665782493368702	1.7665782493368702	1.329479768786127e-06
1.774535809018568	1.774535809018568	1.2138728323699417e-06
1.7824933687002655	1.7824933687002655	1.0289017341040463e-06
1.7904509283819627	1.7904509283819627	9.017341040462423e-07
1.7984084880636604	1.7984084880636604	1.1560693641618494e-06
1.806366047745358	1.806366047745358	1.236994219653179e-06
1.8143236074270557	1.8143236074270557	1.236994219653179e-06
1.8222811671087533	1.8222811671087533	1.236994219653179e-06
1.830238726790451	1.830238726790451	1.0635838150289013e-06
1.8381962864721486	1.8381962864721486	1.0635838150289013e-06
1.8461538461538463	1.8461538461538463	1.0635838150289013e-06
1.854111405835544	1.854111405835544	1.0635838150289013e-06
1.8620689655172415	1.8620689655172415	1.0867052023121386e-06
1.8700265251989392	1.8700265251989392	1.0982658959537572e-06
1.8779840848806368	1.8779840848806368	1.1098265895953758e-06
1.8859416445623345	1.8859416445623345	1.3410404624277457e-06
1.8938992042440321	1.8938992042440321	1.3410404624277457e-06
1.9018567639257293	1.9018567639257293	1.3410404624277457e-06
1.909814323607427	1.909814323607427	1.2254335260115603e-06
1.9177718832891246	1.9177718832891246	1.2601156069364162e-06
1.9257294429708223	1.9257294429708223	1.4450867052023116e-06
1.93368700265252	1.93368700265252	1.4566473988439302e-06
1.9416445623342176	1.9416445623342176	1.3872832369942193e-06
1.9496021220159152	1.9496021220159152	1.3179190751445084e-06
1.9575596816976129	1.9575596816976129	1.5375722543352597e-06
1.9655172413793105	1.9655172413793105	1.8959537572254336e-06
1.9734748010610081	1.9734748010610081	1.8381502890173405e-06
1.9814323607427058	1.9814323607427058	1.7803468208092482e-06
1.9893899204244034	1.9893899204244034	1.722543352601156e-06
1.997347480106101	1.997347480106101	1.3063583815028898e-06
2.0053050397877983	2.0053050397877983	1.07514450867052e-06
2.013262599469496	2.013262599469496	1.0867052023121386e-06
2.0212201591511936	2.0212201591511936	1.005780346820809e-06
2.029177718832891	2.029177718832891	8.670520231213873e-07
2.037135278514589	2.037135278514589	8.323699421965314e-07
2.0450928381962865	2.0450928381962865	8.786127167630059e-07
2.053050397877984	2.053050397877984	1.0867052023121386e-06
2.061007957559682	2.061007957559682	1.0520231213872827e-06
2.0689655172413794	2.0689655172413794	1.040462427745665e-06
2.076923076923077	2.076923076923077	1.040462427745665e-06
2.0848806366047747	2.0848806366047747	1.040462427745665e-06
2.0928381962864724	2.0928381962864724	1.0520231213872827e-06
2.10079575596817	2.10079575596817	1.1907514450867053e-06
2.1087533156498677	2.1087533156498677	1.3063583815028898e-06
2.116710875331565	2.116710875331565	1.3063583815028898e-06
2.1246684350132625	2.1246684350132625	1.3063583815028898e-06
2.13262599469496	2.13262599469496	1.3063583815028898e-06
2.140583554376658	2.140583554376658	1.1213872832369944e-06
2.1485411140583555	2.1485411140583555	8.208092485549128e-07
2.156498673740053	2.156498673740053	9.132947976878609e-07
2.1644562334217508	2.1644562334217508	9.826589595375718e-07
2.1724137931034484	2.1724137931034484	9.826589595375718e-07
2.180371352785146	2.180371352785146	9.942196531791904e-07
2.1883289124668437	2.1883289124668437	1.2138728323699417e-06
2.1962864721485413	2.1962864721485413	1.4566473988439302e-06
2.204244031830239	2.204244031830239	1.6300578034682078e-06
2.2122015915119366	2.2122015915119366	1.6300578034682078e-06
2.220159151193634	2.220159151193634	1.6300578034682078e-06
2.2281167108753315	2.2281167108753315	1.4682080924855488e-06
2.236074270557029	2.236074270557029	8.4393063583815e-07
2.2440318302387268	2.2440318302387268	1.07514450867052e-06
2.2519893899204244	2.2519893899204244	1.364161849710982e-06
2.259946949602122	2.259946949602122	1.364161849710982e-06
2.2679045092838197	2.2679045092838197	1.364161849710982e-06
2.2758620689655173	2.2758620689655173	1.3526011560693643e-06
2.283819628647215	2.283819628647215	1.0867052023121386e-06
2.2917771883289126	2.2917771883289126	1.0173410404624277e-06
2.2997347480106103	2.2997347480106103	1.1560693641618494e-06
2.3076923076923075	2.3076923076923075	1.1560693641618494e-06
2.315649867374005	2.315649867374005	1.1560693641618494e-06
2.323607427055703	2.323607427055703	1.1560693641618494e-06
2.3315649867374004	2.3315649867374004	8.786127167630059e-07
2.339522546419098	2.339522546419098	9.132947976878609e-07
2.3474801061007957	2.3474801061007957	9.942196531791904e-07
2.3554376657824934	2.3554376657824934	9.248554913294796e-07
2.363395225464191	2.363395225464191	9.017341040462423e-07
2.3713527851458887	2.3713527851458887	1.1560693641618494e-06
2.3793103448275863	2.3793103448275863	1.1560693641618494e-06
2.387267904509284	2.387267904509284	1.1560693641618494e-06
2.3952254641909816	2.3952254641909816	1.329479768786127e-06
2.4031830238726792	2.4031830238726792	1.2832369942196534e-06
2.411140583554377	2.411140583554377	1.236994219653179e-06
2.4190981432360745	2.4190981432360745	1.1907514450867053e-06
2.427055702917772	2.427055702917772	9.710982658959532e-07
2.43501326259947	2.43501326259947	9.710982658959532e-07
2.4429708222811675	2.4429708222811675	9.710982658959532e-07
2.450928381962865	2.450928381962865	1.1098265895953758e-06
2.4588859416445628	2.4588859416445628	1.1560693641618494e-06
2.4668435013262604	2.4668435013262604	1.1560693641618494e-06
2.474801061007958	2.474801061007958	1.1560693641618494e-06
2.4827586206896557	2.4827586206896557	9.710982658959532e-07
2.4907161803713525	2.4907161803713525	9.017341040462423e-07
2.49867374005305	2.49867374005305	8.901734104046237e-07
2.5066312997347477	2.5066312997347477	1.3179190751445084e-06
2.5145888594164454	2.5145888594164454	1.5028901734104047e-06
2.522546419098143	2.522546419098143	1.6184971098265892e-06
2.5305039787798407	2.5305039787798407	1.6184971098265892e-06
2.5384615384615383	2.5384615384615383	1.6184971098265892e-06
2.546419098143236	2.546419098143236	1.6184971098265892e-06
2.5543766578249336	2.5543766578249336	1.236994219653179e-06
2.5623342175066313	2.5623342175066313	6.589595375722538e-07
2.570291777188329	2.570291777188329	7.167630057803469e-07
2.5782493368700266	2.5782493368700266	1.2832369942196534e-06
2.586206896551724	2.586206896551724	1.2832369942196534e-06
2.594164456233422	2.594164456233422	1.2832369942196534e-06
2.6021220159151195	2.6021220159151195	1.2832369942196534e-06
2.610079575596817	2.610079575596817	1.0867052023121386e-06
2.618037135278515	2.618037135278515	1.0867052023121386e-06
2.6259946949602124	2.6259946949602124	1.1329479768786122e-06
2.63395225464191	2.63395225464191	1.364161849710982e-06
2.6419098143236077	2.6419098143236077	1.7687861271676296e-06
2.6498673740053054	2.6498673740053054	1.7687861271676296e-06
2.657824933687003	2.657824933687003	1.7687861271676296e-06
2.6657824933687007	2.6657824933687007	1.491329479768786e-06
2.6737400530503983	2.6737400530503983	1.491329479768786e-06
2.681697612732096	2.681697612732096	1.491329479768786e-06
2.6896551724137936	2.6896551724137936	1.491329479768786e-06
2.6976127320954912	2.6976127320954912	1.4104046242774566e-06
2.705570291777188	2.705570291777188	1.3179190751445084e-06
2.7135278514588856	2.7135278514588856	1.364161849710982e-06
2.7214854111405833	2.7214854111405833	1.364161849710982e-06
2.729442970822281	2.729442970822281	1.364161849710982e-06
2.7374005305039786	2.7374005305039786	1.2947976878612712e-06
2.7453580901856762	2.7453580901856762	1.0289017341040463e-06
2.753315649867374	2.753315649867374	1.0289017341040463e-06
2.7612732095490715	2.7612732095490715	1.0635838150289013e-06
2.769230769230769	2.769230769230769	1.07514450867052e-06
2.777188328912467	2.777188328912467	7.861271676300578e-07
2.7851458885941645	2.7851458885941645	9.595375722543354e-07
2.793103448275862	2.793103448275862	9.826589595375718e-07
2.8010610079575597	2.8010610079575597	9.826589595375718e-07
2.8090185676392574	2.8090185676392574	1.202312138728324e-06
2.816976127320955	2.816976127320955	1.2601156069364162e-06
2.8249336870026527	2.8249336870026527	1.329479768786127e-06
2.8328912466843503	2.8328912466843503	1.2947976878612712e-06
2.840848806366048	2.840848806366048	1.722543352601156e-06
2.8488063660477456	2.8488063660477456	2.1849710982658957e-06
2.8567639257294433	2.8567639257294433	2.1849710982658957e-06
2.864721485411141	2.864721485411141	2.1849710982658957e-06
2.8726790450928386	2.8726790450928386	2.115606936416185e-06
2.880636604774536	2.880636604774536	1.398843930635838e-06
2.888594164456234	2.888594164456234	9.826589595375718e-07
2.8965517241379315	2.8965517241379315	1.005780346820809e-06
2.904509283819629	2.904509283819629	1.040462427745665e-06
2.912466843501327	2.912466843501327	1.07514450867052e-06
2.9204244031830235	2.9204244031830235	1.0173410404624277e-06
2.928381962864721	2.928381962864721	1.0289017341040463e-06
2.936339522546419	2.936339522546419	1.4566473988439302e-06
2.9442970822281165	2.9442970822281165	1.560693641618497e-06
2.952254641909814	2.952254641909814	1.560693641618497e-06
2.9602122015915118	2.9602122015915118	1.560693641618497e-06
2.9681697612732094	2.9681697612732094	1.4566473988439302e-06
2.976127320954907	2.976127320954907	1.1329479768786122e-06
2.9840848806366047	2.9840848806366047	1.1213872832369944e-06
2.9920424403183024	2.9920424403183024	9.479768786127168e-07
3.0	3.0	5.20231213872832e-07
3.0079575596816976	3.0079575596816976	5.317919075144507e-07
3.0159151193633953	3.0159151193633953	5.895953757225429e-07
3.023872679045093	3.023872679045093	6.242774566473988e-07
3.0318302387267906	3.0318302387267906	7.398843930635833e-07
3.0397877984084882	3.0397877984084882	1.0173410404624277e-06
3.047745358090186	3.047745358090186	1.0173410404624277e-06
3.0557029177718835	3.0557029177718835	1.0173410404624277e-06
3.1511936339522544	3.1511936339522544	1.1213872832369944e-06
3.159151193633952	3.159151193633952	1.0982658959537572e-06
3.1671087533156497	3.1671087533156497	9.942196531791904e-07
3.1750663129973473	3.1750663129973473	1.0520231213872827e-06
3.183023872679045	3.183023872679045	1.1329479768786122e-06
3.1909814323607426	3.1909814323607426	1.202312138728324e-06
3.1989389920424403	3.1989389920424403	1.202312138728324e-06
3.206896551724138	3.206896551724138	1.1445086705202308e-06
3.2148541114058355	3.2148541114058355	1.1213872832369944e-06
3.222811671087533	3.222811671087533	1.1445086705202308e-06
3.230769230769231	3.230769230769231	1.1329479768786122e-06
3.2387267904509285	3.2387267904509285	1.1213872832369944e-06
3.246684350132626	3.246684350132626	1.1098265895953758e-06
3.2546419098143238	3.2546419098143238	1.1098265895953758e-06
3.2625994694960214	3.2625994694960214	1.0173410404624277e-06
3.270557029177719	3.270557029177719	9.132947976878609e-07
3.2785145888594167	3.2785145888594167	7.514450867052019e-07
3.2864721485411144	3.2864721485411144	1.0173410404624277e-06
3.294429708222812	3.294429708222812	1.2254335260115603e-06
3.3023872679045096	3.3023872679045096	1.2254335260115603e-06
3.3103448275862073	3.3103448275862073	1.2254335260115603e-06
3.318302387267905	3.318302387267905	1.0867052023121386e-06
3.3262599469496026	3.3262599469496026	1.005780346820809e-06
3.3342175066313002	3.3342175066313002	1.1213872832369944e-06
3.342175066312998	3.342175066312998	1.167630057803468e-06
3.3501326259946946	3.3501326259946946	1.167630057803468e-06
3.3580901856763923	3.3580901856763923	1.167630057803468e-06
3.36604774535809	3.36604774535809	1.1213872832369944e-06
3.3740053050397876	3.3740053050397876	1.005780346820809e-06
3.381962864721485	3.381962864721485	8.208092485549128e-07
3.389920424403183	3.389920424403183	7.745664739884392e-07
3.3978779840848805	3.3978779840848805	7.283236994219655e-07
3.405835543766578	3.405835543766578	6.011560693641615e-07
3.413793103448276	3.413793103448276	5.433526011560693e-07
3.4217506631299734	3.4217506631299734	6.47398843930636e-07
3.429708222811671	3.429708222811671	6.82080924855491e-07
3.4376657824933687	3.4376657824933687	7.167630057803469e-07
3.4456233421750664	3.4456233421750664	1.3526011560693643e-06
3.453580901856764	3.453580901856764	1.5838150289017342e-06
3.4615384615384617	3.4615384615384617	1.5838150289017342e-06
3.4694960212201593	3.4694960212201593	1.5838150289017342e-06
3.477453580901857	3.477453580901857	1.3410404624277457e-06
3.4854111405835546	3.4854111405835546	1.4450867052023116e-06
3.4933687002652523	3.4933687002652523	2.1849710982658957e-06
3.50132625994695	3.50132625994695	2.1849710982658957e-06
3.5092838196286475	3.5092838196286475	2.1849710982658957e-06
3.517241379310345	3.517241379310345	2.1849710982658957e-06
3.525198938992043	3.525198938992043	1.7687861271676296e-06
3.5331564986737405	3.5331564986737405	1.3872832369942193e-06
3.541114058355438	3.541114058355438	1.3872832369942193e-06
3.549071618037136	3.549071618037136	1.0982658959537572e-06
3.5570291777188334	3.5570291777188334	1.1098265895953758e-06
3.56498673740053	3.56498673740053	1.1098265895953758e-06
3.572944297082228	3.572944297082228	1.1213872832369944e-06
3.5809018567639255	3.5809018567639255	1.4219653179190752e-06
3.588859416445623	3.588859416445623	1.4335260115606938e-06
3.5968169761273208	3.5968169761273208	1.4104046242774566e-06
3.6047745358090184	3.6047745358090184	1.3872832369942193e-06
3.612732095490716	3.612732095490716	1.3063583815028898e-06
3.6206896551724137	3.6206896551724137	1.2832369942196534e-06
3.6286472148541113	3.6286472148541113	1.5028901734104047e-06
3.636604774535809	3.636604774535809	1.5028901734104047e-06
3.6445623342175066	3.6445623342175066	1.5028901734104047e-06
3.6525198938992043	3.6525198938992043	1.3757225433526007e-06
3.660477453580902	3.660477453580902	6.358381502890174e-07
3.724137931034483	3.724137931034483	9.248554913294796e-07
3.7320954907161807	3.7320954907161807	1.1560693641618494e-06
3.7400530503978784	3.7400530503978784	1.1907514450867053e-06
3.748010610079576	3.748010610079576	1.1907514450867053e-06
3.7559681697612737	3.7559681697612737	1.1907514450867053e-06
3.7639257294429713	3.7639257294429713	1.07514450867052e-06
3.771883289124669	3.771883289124669	1.0635838150289013e-06
3.7798408488063657	3.7798408488063657	1.0867052023121386e-06
3.7877984084880634	3.7877984084880634	1.0982658959537572e-06
3.795755968169761	3.795755968169761	8.786127167630059e-07
3.8037135278514587	3.8037135278514587	8.786127167630059e-07
3.8116710875331563	3.8116710875331563	1.07514450867052e-06
3.819628647214854	3.819628647214854	1.07514450867052e-06
3.8275862068965516	3.8275862068965516	1.07514450867052e-06
3.8355437665782492	3.8355437665782492	1.6763005780346823e-06
3.843501326259947	3.843501326259947	1.8728323699421963e-06
3.8514588859416445	3.8514588859416445	1.8728323699421963e-06
3.859416445623342	3.859416445623342	1.8728323699421963e-06
3.86737400530504	3.86737400530504	1.8728323699421963e-06
3.8753315649867375	3.8753315649867375	1.4219653179190752e-06
3.883289124668435	3.883289124668435	1.4219653179190752e-06
3.8912466843501328	3.8912466843501328	1.4219653179190752e-06
3.8992042440318304	3.8992042440318304	1.4219653179190752e-06
3.907161803713528	3.907161803713528	1.0867052023121386e-06
3.9151193633952257	3.9151193633952257	6.936416184971097e-07
3.9230769230769234	3.9230769230769234	6.358381502890174e-07
3.931034482758621	3.931034482758621	1.07514450867052e-06
3.9389920424403186	3.9389920424403186	1.4219653179190752e-06
3.9469496021220163	3.9469496021220163	1.4219653179190752e-06
3.954907161803714	3.954907161803714	1.4219653179190752e-06
3.9628647214854116	3.9628647214854116	1.3757225433526007e-06
3.9708222811671092	3.9708222811671092	1.202312138728324e-06
3.978779840848807	3.978779840848807	1.2485549132947976e-06
3.9867374005305045	3.9867374005305045	1.2254335260115603e-06
3.9946949602122013	3.9946949602122013	1.1329479768786122e-06
4.002652519893899	4.002652519893899	1.1329479768786122e-06
4.010610079575597	4.010610079575597	1.07514450867052e-06
4.018567639257294	4.018567639257294	9.826589595375718e-07
4.026525198938992	4.026525198938992	1.0289017341040463e-06
4.0344827586206895	4.0344827586206895	1.1560693641618494e-06
4.042440318302387	4.042440318302387	1.1329479768786122e-06
4.050397877984085	4.050397877984085	1.1098265895953758e-06
4.058355437665782	4.058355437665782	1.0982658959537572e-06
4.06631299734748	4.06631299734748	1.4335260115606938e-06
4.074270557029178	4.074270557029178	1.4682080924855488e-06
4.082228116710875	4.082228116710875	1.4682080924855488e-06
4.090185676392573	4.090185676392573	1.4682080924855488e-06
4.098143236074271	4.098143236074271	1.2138728323699417e-06
4.106100795755968	4.106100795755968	9.017341040462423e-07
4.114058355437666	4.114058355437666	9.479768786127168e-07
4.122015915119364	4.122015915119364	1.1098265895953758e-06
4.129973474801061	4.129973474801061	1.4450867052023116e-06
4.137931034482759	4.137931034482759	2.173410404624277e-06
4.1458885941644565	4.1458885941644565	2.3583815028901734e-06
4.153846153846154	4.153846153846154	2.3583815028901734e-06
4.161803713527852	4.161803713527852	2.3583815028901734e-06
4.1697612732095495	4.1697612732095495	2.323699421965318e-06
4.177718832891247	4.177718832891247	1.3526011560693643e-06
4.185676392572945	4.185676392572945	1.3410404624277457e-06
4.193633952254642	4.193633952254642	1.3410404624277457e-06
4.20159151193634	4.20159151193634	1.2832369942196534e-06
4.209549071618037	4.209549071618037	1.07514450867052e-06
4.2175066312997345	4.2175066312997345	8.323699421965314e-07
4.225464190981432	4.225464190981432	8.901734104046237e-07
4.23342175066313	4.23342175066313	1.2716763005780348e-06
4.241379310344827	4.241379310344827	1.653179190751445e-06
4.249336870026525	4.249336870026525	1.6763005780346823e-06
4.257294429708223	4.257294429708223	1.6763005780346823e-06
4.26525198938992	4.26525198938992	1.6763005780346823e-06
4.273209549071618	4.273209549071618	1.5375722543352597e-06
4.281167108753316	4.281167108753316	1.6994219653179187e-06
4.289124668435013	4.289124668435013	1.6994219653179187e-06
4.297082228116711	4.297082228116711	1.6994219653179187e-06
4.305039787798409	4.305039787798409	1.6994219653179187e-06
4.312997347480106	4.312997347480106	1.4335260115606938e-06
4.320954907161804	4.320954907161804	1.1560693641618494e-06
4.3289124668435015	4.3289124668435015	9.710982658959532e-07
4.336870026525199	4.336870026525199	8.09248554913295e-07
4.344827586206897	4.344827586206897	1.2138728323699417e-06
4.352785145888594	4.352785145888594	1.6647398843930637e-06
4.360742705570292	4.360742705570292	1.6647398843930637e-06
4.36870026525199	4.36870026525199	1.6647398843930637e-06
4.376657824933687	4.376657824933687	1.6647398843930637e-06
4.384615384615385	4.384615384615385	1.3063583815028898e-06
4.392572944297083	4.392572944297083	1.236994219653179e-06
4.40053050397878	4.40053050397878	8.554913294797687e-07
4.408488063660478	4.408488063660478	7.861271676300578e-07
4.416445623342176	4.416445623342176	8.901734104046237e-07
4.424403183023872	4.424403183023872	9.595375722543354e-07
4.43236074270557	4.43236074270557	9.595375722543354e-07
4.440318302387268	4.440318302387268	9.595375722543354e-07
4.448275862068965	4.448275862068965	1.0867052023121386e-06
4.456233421750663	4.456233421750663	1.6184971098265892e-06
4.464190981432361	4.464190981432361	1.7687861271676296e-06
4.472148541114058	4.472148541114058	1.7803468208092482e-06
4.480106100795756	4.480106100795756	1.8959537572254336e-06
4.4880636604774535	4.4880636604774535	1.9075144508670518e-06
4.496021220159151	4.496021220159151	1.9653179190751445e-06
4.503978779840849	4.503978779840849	1.9653179190751445e-06
4.5119363395225465	4.5119363395225465	1.9653179190751445e-06
4.519893899204244	4.519893899204244	1.9421965317919072e-06
4.527851458885942	4.527851458885942	1.364161849710982e-06
4.535809018567639	4.535809018567639	8.323699421965314e-07
4.543766578249337	4.543766578249337	8.670520231213873e-07
4.551724137931035	4.551724137931035	9.248554913294796e-07
4.559681697612732	4.559681697612732	9.132947976878609e-07
4.56763925729443	4.56763925729443	1.1445086705202308e-06
4.575596816976128	4.575596816976128	1.1560693641618494e-06
4.583554376657825	4.583554376657825	1.167630057803468e-06
4.591511936339523	4.591511936339523	1.1791907514450867e-06
4.599469496021221	4.599469496021221	1.0982658959537572e-06
4.607427055702918	4.607427055702918	9.942196531791904e-07
4.615384615384616	4.615384615384616	9.710982658959532e-07
4.6233421750663135	4.6233421750663135	9.248554913294796e-07
4.63129973474801	4.63129973474801	8.786127167630059e-07
4.639257294429708	4.639257294429708	8.09248554913295e-07
4.647214854111406	4.647214854111406	7.976878612716764e-07
4.655172413793103	4.655172413793103	7.861271676300578e-07
4.663129973474801	4.663129973474801	7.514450867052019e-07
4.6710875331564985	4.6710875331564985	8.09248554913295e-07
4.679045092838196	4.679045092838196	1.2138728323699417e-06
4.687002652519894	4.687002652519894	1.3757225433526007e-06
4.694960212201591	4.694960212201591	1.5953757225433528e-06
4.702917771883289	4.702917771883289	1.953757225433526e-06
4.710875331564987	4.710875331564987	1.9653179190751445e-06
4.718832891246684	4.718832891246684	1.9421965317919072e-06
4.726790450928382	4.726790450928382	1.9190751445086704e-06
4.73474801061008	4.73474801061008	1.7687861271676296e-06
4.742705570291777	4.742705570291777	1.2254335260115603e-06
4.750663129973475	4.750663129973475	8.323699421965314e-07
4.758620689655173	4.758620689655173	1.0289017341040463e-06
4.76657824933687	4.76657824933687	1.5722543352601156e-06
4.774535809018568	4.774535809018568	1.7456647398843932e-06
4.7824933687002655	4.7824933687002655	1.7456647398843932e-06
4.790450928381963	4.790450928381963	1.7456647398843932e-06
4.798408488063661	4.798408488063661	1.7456647398843932e-06
4.8063660477453585	4.8063660477453585	1.5722543352601156e-06
4.814323607427056	4.814323607427056	1.4335260115606938e-06
4.822281167108754	4.822281167108754	1.1907514450867053e-06
4.830238726790451	4.830238726790451	1.1907514450867053e-06
4.838196286472149	4.838196286472149	1.1907514450867053e-06
4.846153846153846	4.846153846153846	1.1098265895953758e-06
4.8541114058355435	4.8541114058355435	9.132947976878609e-07
4.862068965517241	4.862068965517241	9.132947976878609e-07
4.870026525198939	4.870026525198939	9.132947976878609e-07
4.877984084880636	4.877984084880636	7.861271676300578e-07
4.885941644562334	4.885941644562334	7.976878612716764e-07
4.893899204244032	4.893899204244032	9.017341040462423e-07
4.901856763925729	4.901856763925729	9.364161849710982e-07
4.909814323607427	4.909814323607427	1.202312138728324e-06
4.917771883289125	4.917771883289125	1.6763005780346823e-06
4.925729442970822	4.925729442970822	2.1849710982658957e-06
4.93368700265252	4.93368700265252	2.208092485549133e-06
4.941644562334218	4.941644562334218	2.208092485549133e-06
4.949602122015915	4.949602122015915	2.208092485549133e-06
4.957559681697613	4.957559681697613	1.9884393063583813e-06
4.9655172413793105	4.9655172413793105	2.1965317919075144e-06
4.973474801061008	4.973474801061008	2.277456647398844e-06
4.981432360742706	4.981432360742706	2.277456647398844e-06
4.989389920424403	4.989389920424403	2.277456647398844e-06
4.997347480106101	4.997347480106101	2.23121387283237e-06
5.005305039787799	5.005305039787799	1.8612716763005777e-06
5.013262599469496	5.013262599469496	1.329479768786127e-06
5.021220159151194	5.021220159151194	1.0635838150289013e-06
5.029177718832892	5.029177718832892	1.1560693641618494e-06
5.037135278514589	5.037135278514589	1.2254335260115603e-06
5.045092838196287	5.045092838196287	1.2254335260115603e-06
5.053050397877985	5.053050397877985	1.2254335260115603e-06
5.061007957559681	5.061007957559681	1.1445086705202308e-06
5.068965517241379	5.068965517241379	1.0520231213872827e-06
5.076923076923077	5.076923076923077	9.826589595375718e-07
5.084880636604774	5.084880636604774	7.745664739884392e-07
5.092838196286472	5.092838196286472	7.976878612716764e-07
5.10079575596817	5.10079575596817	8.4393063583815e-07
5.108753315649867	5.108753315649867	8.901734104046237e-07
5.116710875331565	5.116710875331565	1.3179190751445084e-06
5.1246684350132625	5.1246684350132625	1.5953757225433528e-06
5.13262599469496	5.13262599469496	1.5953757225433528e-06
5.140583554376658	5.140583554376658	1.5953757225433528e-06
5.1485411140583555	5.1485411140583555	1.6763005780346823e-06
5.156498673740053	5.156498673740053	1.6763005780346823e-06
5.164456233421751	5.164456233421751	1.6763005780346823e-06
5.172413793103448	5.172413793103448	1.6763005780346823e-06
5.180371352785146	5.180371352785146	1.8612716763005777e-06
5.188328912466844	5.188328912466844	2.323699421965318e-06
5.196286472148541	5.196286472148541	2.658959537572254e-06
5.204244031830239	5.204244031830239	2.658959537572254e-06
5.212201591511937	5.212201591511937	2.658959537572254e-06
5.220159151193634	5.220159151193634	2.6473988439306355e-06
5.228116710875332	5.228116710875332	1.8265895953757227e-06
5.23607427055703	5.23607427055703	9.017341040462423e-07
5.244031830238727	5.244031830238727	9.132947976878609e-07
5.251989389920425	5.251989389920425	8.901734104046237e-07
5.2599469496021225	5.2599469496021225	8.323699421965314e-07
5.26790450928382	5.26790450928382	7.630057803468205e-07
5.275862068965517	5.275862068965517	7.745664739884392e-07
5.2838196286472146	5.2838196286472146	8.323699421965314e-07
5.291777188328912	5.291777188328912	1.1445086705202308e-06
5.29973474801061	5.29973474801061	1.9190751445086704e-06
5.3076923076923075	5.3076923076923075	2.439306358381503e-06
5.315649867374005	5.315649867374005	2.4739884393063583e-06
5.323607427055703	5.323607427055703	2.4739884393063583e-06
5.3315649867374	5.3315649867374	2.4739884393063583e-06
5.339522546419098	5.339522546419098	1.9653179190751445e-06
5.347480106100796	5.347480106100796	1.236994219653179e-06
5.355437665782493	5.355437665782493	1.329479768786127e-06
5.363395225464191	5.363395225464191	1.722543352601156e-06
5.371352785145889	5.371352785145889	1.9190751445086704e-06
5.379310344827586	5.379310344827586	1.8612716763005777e-06
5.387267904509284	5.387267904509284	1.849710982658959e-06
5.395225464190982	5.395225464190982	1.9190751445086704e-06
5.403183023872679	5.403183023872679	1.9190751445086704e-06
5.411140583554377	5.411140583554377	1.9190751445086704e-06
5.4190981432360745	5.4190981432360745	1.5953757225433528e-06
5.427055702917772	5.427055702917772	1.005780346820809e-06
5.43501326259947	5.43501326259947	8.670520231213873e-07
5.4429708222811675	5.4429708222811675	8.4393063583815e-07
5.450928381962865	5.450928381962865	8.323699421965314e-07
5.458885941644563	5.458885941644563	1.0289017341040463e-06
5.46684350132626	5.46684350132626	1.0289017341040463e-06
5.474801061007958	5.474801061007958	1.0289017341040463e-06
5.482758620689656	5.482758620689656	1.1329479768786122e-06
5.4907161803713525	5.4907161803713525	1.3179190751445084e-06
5.49867374005305	5.49867374005305	1.3179190751445084e-06
5.506631299734748	5.506631299734748	1.3179190751445084e-06
5.514588859416445	5.514588859416445	1.329479768786127e-06
5.522546419098143	5.522546419098143	1.4682080924855488e-06
5.530503978779841	5.530503978779841	1.526011560693641e-06
5.538461538461538	5.538461538461538	1.4797687861271675e-06
5.546419098143236	5.546419098143236	1.9768786127167627e-06
5.554376657824934	5.554376657824934	2.4624277456647397e-06
5.562334217506631	5.562334217506631	2.4739884393063583e-06
5.570291777188329	5.570291777188329	2.485549132947977e-06
5.5782493368700266	5.5782493368700266	2.497109826589595e-06
5.586206896551724	5.586206896551724	1.4219653179190752e-06
5.594164456233422	5.594164456233422	1.040462427745665e-06
5.6021220159151195	5.6021220159151195	1.0173410404624277e-06
5.610079575596817	5.610079575596817	1.5375722543352597e-06
5.618037135278515	5.618037135278515	1.5375722543352597e-06
5.625994694960212	5.625994694960212	1.5722543352601156e-06
5.63395225464191	5.63395225464191	1.6416184971098265e-06
5.641909814323608	5.641909814323608	1.7109826589595373e-06
5.649867374005305	5.649867374005305	1.6300578034682078e-06
5.657824933687003	5.657824933687003	1.5028901734104047e-06
5.665782493368701	5.665782493368701	1.0867052023121386e-06
5.673740053050398	5.673740053050398	1.202312138728324e-06
5.681697612732096	5.681697612732096	1.364161849710982e-06
5.689655172413794	5.689655172413794	1.3526011560693643e-06
5.697612732095491	5.697612732095491	1.3410404624277457e-06
5.705570291777188	5.705570291777188	1.3410404624277457e-06
5.713527851458886	5.713527851458886	1.5144508670520233e-06
5.721485411140583	5.721485411140583	1.9768786127167627e-06
5.729442970822281	5.729442970822281	2.0346820809248554e-06
5.737400530503979	5.737400530503979	2.092485549132948e-06
5.745358090185676	5.745358090185676	2.1502890173410403e-06
5.753315649867374	5.753315649867374	1.8381502890173405e-06
5.7612732095490715	5.7612732095490715	1.2601156069364162e-06
5.769230769230769	5.769230769230769	1.2947976878612712e-06
5.777188328912467	5.777188328912467	1.3063583815028898e-06
5.7851458885941645	5.7851458885941645	1.3063583815028898e-06
5.793103448275862	5.793103448275862	1.3179190751445084e-06
5.80106100795756	5.80106100795756	1.3063583815028898e-06
5.809018567639257	5.809018567639257	1.2832369942196534e-06
5.816976127320955	5.816976127320955	1.3063583815028898e-06
5.824933687002653	5.824933687002653	1.7341040462427746e-06
5.83289124668435	5.83289124668435	2.0809248554913294e-06
5.840848806366048	5.840848806366048	2.1502890173410403e-06
5.848806366047746	5.848806366047746	2.1502890173410403e-06
5.856763925729443	5.856763925729443	2.1502890173410403e-06
5.864721485411141	5.864721485411141	1.9421965317919072e-06
5.872679045092839	5.872679045092839	1.1213872832369944e-06
5.880636604774536	5.880636604774536	1.1213872832369944e-06
5.888594164456234	5.888594164456234	1.167630057803468e-06
5.8965517241379315	5.8965517241379315	1.1445086705202308e-06
5.904509283819629	5.904509283819629	1.1907514450867053e-06
5.912466843501327	5.912466843501327	1.4682080924855488e-06
5.9204244031830235	5.9204244031830235	1.4682080924855488e-06
5.928381962864721	5.928381962864721	1.4682080924855488e-06
5.936339522546419	5.936339522546419	1.4682080924855488e-06
5.9442970822281165	5.9442970822281165	1.2601156069364162e-06
5.952254641909814	5.952254641909814	1.0982658959537572e-06
5.960212201591512	5.960212201591512	1.0520231213872827e-06
5.968169761273209	5.968169761273209	1.2716763005780348e-06
5.976127320954907	5.976127320954907	1.3410404624277457e-06
5.984084880636605	5.984084880636605	1.3410404624277457e-06
5.992042440318302	5.992042440318302	1.3410404624277457e-06
6.0	6.0	1.3063583815028898e-06
6.007957559681698	6.007957559681698	1.3063583815028898e-06
6.015915119363395	6.015915119363395	1.3757225433526007e-06
6.023872679045093	6.023872679045093	1.4104046242774566e-06
6.031830238726791	6.031830238726791	1.398843930635838e-06
6.039787798408488	6.039787798408488	1.3872832369942193e-06
6.047745358090186	6.047745358090186	1.3872832369942193e-06
6.0557029177718835	6.0557029177718835	1.3757225433526007e-06
6.063660477453581	6.063660477453581	1.3179190751445084e-06
6.071618037135279	6.071618037135279	1.3526011560693643e-06
6.0795755968169765	6.0795755968169765	1.364161849710982e-06
6.087533156498674	6.087533156498674	1.3757225433526007e-06
6.095490716180372	6.095490716180372	1.3872832369942193e-06
6.103448275862069	6.103448275862069	1.3757225433526007e-06
6.111405835543767	6.111405835543767	1.6184971098265892e-06
6.119363395225465	6.119363395225465	2.173410404624277e-06
6.127320954907162	6.127320954907162	2.208092485549133e-06
6.135278514588859	6.135278514588859	2.208092485549133e-06
6.143236074270557	6.143236074270557	2.208092485549133e-06
6.151193633952254	6.151193633952254	1.8034682080924855e-06
6.159151193633952	6.159151193633952	1.3526011560693643e-06
6.16710875331565	6.16710875331565	1.2485549132947976e-06
6.175066312997347	6.175066312997347	1.0867052023121386e-06
6.183023872679045	6.183023872679045	1.0520231213872827e-06
6.190981432360743	6.190981432360743	1.1098265895953758e-06
6.19893899204244	6.19893899204244	1.2947976878612712e-06
6.206896551724138	6.206896551724138	1.653179190751445e-06
6.2148541114058355	6.2148541114058355	1.6416184971098265e-06
6.222811671087533	6.222811671087533	1.884393063583815e-06
6.230769230769231	6.230769230769231	2.4046242774566474e-06
6.2387267904509285	6.2387267904509285	2.5202312138728324e-06
6.246684350132626	6.246684350132626	2.5202312138728324e-06
6.254641909814324	6.254641909814324	2.5202312138728324e-06
6.262599469496021	6.262599469496021	2.450867052023121e-06
6.270557029177719	6.270557029177719	1.953757225433526e-06
6.278514588859417	6.278514588859417	1.1445086705202308e-06
6.286472148541114	6.286472148541114	9.017341040462423e-07
6.294429708222812	6.294429708222812	8.670520231213873e-07
6.30238726790451	6.30238726790451	8.208092485549128e-07
6.310344827586206	6.310344827586206	7.976878612716764e-07
6.318302387267904	6.318302387267904	8.323699421965314e-07
6.326259946949602	6.326259946949602	1.0982658959537572e-06
6.334217506631299	6.334217506631299	1.6184971098265892e-06
6.342175066312997	6.342175066312997	2.450867052023121e-06
6.350132625994695	6.350132625994695	2.6705202312138728e-06
6.358090185676392	6.358090185676392	2.6705202312138728e-06
6.36604774535809	6.36604774535809	2.6705202312138728e-06
6.374005305039788	6.374005305039788	2.601156069364162e-06
6.381962864721485	6.381962864721485	1.815028901734104e-06
6.389920424403183	6.389920424403183	9.826589595375718e-07
6.3978779840848805	6.3978779840848805	9.364161849710982e-07
6.405835543766578	6.405835543766578	1.0635838150289013e-06
6.413793103448276	6.413793103448276	1.2485549132947976e-06
6.4217506631299734	6.4217506631299734	1.2832369942196534e-06
6.429708222811671	6.429708222811671	1.4219653179190752e-06
6.437665782493369	6.437665782493369	1.398843930635838e-06
6.445623342175066	6.445623342175066	1.4450867052023116e-06
6.453580901856764	6.453580901856764	1.7687861271676296e-06
6.461538461538462	6.461538461538462	2e-06
6.469496021220159	6.469496021220159	2.0231213872832367e-06
6.477453580901857	6.477453580901857	2.046242774566474e-06
6.485411140583555	6.485411140583555	2.069364161849711e-06
6.493368700265252	6.493368700265252	1.9768786127167627e-06
6.50132625994695	6.50132625994695	2.092485549132948e-06
6.5092838196286475	6.5092838196286475	2.161849710982659e-06
6.517241379310345	6.517241379310345	2.161849710982659e-06
6.525198938992043	6.525198938992043	2.161849710982659e-06
6.5331564986737405	6.5331564986737405	2.0231213872832367e-06
6.541114058355438	6.541114058355438	1.2947976878612712e-06
6.549071618037136	6.549071618037136	1.0520231213872827e-06
6.557029177718833	6.557029177718833	1.3526011560693643e-06
6.564986737400531	6.564986737400531	1.4797687861271675e-06
6.572944297082229	6.572944297082229	1.5722543352601156e-06
6.580901856763926	6.580901856763926	1.5722543352601156e-06
6.588859416445624	6.588859416445624	1.4566473988439302e-06
6.596816976127322	6.596816976127322	1.3179190751445084e-06
6.604774535809019	6.604774535809019	1.4219653179190752e-06
6.612732095490717	6.612732095490717	1.7919075144508668e-06
6.620689655172415	6.620689655172415	1.9190751445086704e-06
6.628647214854112	6.628647214854112	1.8612716763005777e-06
6.63660477453581	6.63660477453581	1.8265895953757227e-06
6.6445623342175075	6.6445623342175075	1.8034682080924855e-06
6.652519893899205	6.652519893899205	1.7803468208092482e-06
6.660477453580903	6.660477453580903	1.5953757225433528e-06
6.668435013262599	6.668435013262599	1.6069364161849706e-06
6.676392572944296	6.676392572944296	1.6069364161849706e-06
6.684350132625994	6.684350132625994	1.6069364161849706e-06
6.692307692307692	6.692307692307692	1.6069364161849706e-06
6.700265251989389	6.700265251989389	1.6069364161849706e-06
6.708222811671087	6.708222811671087	2.23121387283237e-06
6.716180371352785	6.716180371352785	2.8323699421965318e-06
6.724137931034482	6.724137931034482	2.84393063583815e-06
6.73209549071618	6.73209549071618	2.84393063583815e-06
6.7400530503978775	6.7400530503978775	2.84393063583815e-06
6.748010610079575	6.748010610079575	2.208092485549133e-06
6.755968169761273	6.755968169761273	1.3410404624277457e-06
6.76392572944297	6.76392572944297	1.3526011560693643e-06
6.771883289124668	6.771883289124668	1.398843930635838e-06
6.779840848806366	6.779840848806366	1.653179190751445e-06
6.787798408488063	6.787798408488063	2.208092485549133e-06
6.795755968169761	6.795755968169761	2.3583815028901734e-06
6.803713527851459	6.803713527851459	2.3583815028901734e-06
6.811671087533156	6.811671087533156	2.450867052023121e-06
6.819628647214854	6.819628647214854	2.763005780346821e-06
6.827586206896552	6.827586206896552	2.763005780346821e-06
6.835543766578249	6.835543766578249	2.763005780346821e-06
6.843501326259947	6.843501326259947	2.6705202312138728e-06
6.8514588859416445	6.8514588859416445	2.173410404624277e-06
6.859416445623342	6.859416445623342	1.4450867052023116e-06
6.86737400530504	6.86737400530504	9.942196531791904e-07
6.8753315649867375	6.8753315649867375	9.710982658959532e-07
6.883289124668435	6.883289124668435	9.479768786127168e-07
6.891246684350133	6.891246684350133	1.167630057803468e-06
6.89920424403183	6.89920424403183	1.1907514450867053e-06
6.907161803713528	6.907161803713528	1.1907514450867053e-06
6.915119363395226	6.915119363395226	1.1907514450867053e-06
6.923076923076923	6.923076923076923	1.167630057803468e-06
6.931034482758621	6.931034482758621	1.398843930635838e-06
6.938992042440319	6.938992042440319	1.6416184971098265e-06
6.946949602122016	6.946949602122016	1.6416184971098265e-06
6.954907161803714	6.954907161803714	1.6416184971098265e-06
6.962864721485412	6.962864721485412	1.6300578034682078e-06
6.970822281167109	6.970822281167109	1.6184971098265892e-06
6.978779840848807	6.978779840848807	2.208092485549133e-06
6.9867374005305045	6.9867374005305045	2.601156069364162e-06
6.994694960212202	6.994694960212202	2.6473988439306355e-06
7.0026525198939	7.0026525198939	2.6705202312138728e-06
7.0106100795755975	7.0106100795755975	2.705202312138728e-06
7.018567639257295	7.018567639257295	2.497109826589595e-06
7.026525198938993	7.026525198938993	2.161849710982659e-06
7.03448275862069	7.03448275862069	1.9190751445086704e-06
7.042440318302388	7.042440318302388	1.849710982658959e-06
7.050397877984086	7.050397877984086	1.849710982658959e-06
7.058355437665783	7.058355437665783	1.849710982658959e-06
7.066312997347481	7.066312997347481	1.849710982658959e-06
7.074270557029179	7.074270557029179	1.7803468208092482e-06
7.082228116710876	7.082228116710876	1.0982658959537572e-06
7.090185676392574	7.090185676392574	8.323699421965314e-07
7.09814323607427	7.09814323607427	8.4393063583815e-07
7.106100795755967	7.106100795755967	1.0173410404624277e-06
7.114058355437665	7.114058355437665	1.7456647398843932e-06
7.122015915119363	7.122015915119363	2.219653179190751e-06
7.12997347480106	7.12997347480106	2.219653179190751e-06
7.137931034482758	7.137931034482758	2.219653179190751e-06
7.145888594164456	7.145888594164456	2.23121387283237e-06
7.153846153846153	7.153846153846153	2.2427745664739884e-06
7.161803713527851	7.161803713527851	2.335260115606936e-06
7.169761273209549	7.169761273209549	2.335260115606936e-06
7.177718832891246	7.177718832891246	2.335260115606936e-06
7.185676392572944	7.185676392572944	2.323699421965318e-06
7.1936339522546415	7.1936339522546415	2.0115606936416185e-06
7.201591511936339	7.201591511936339	1.4335260115606938e-06
7.209549071618037	7.209549071618037	1.849710982658959e-06
7.2175066312997345	7.2175066312997345	1.8612716763005777e-06
7.225464190981432	7.225464190981432	1.8728323699421963e-06
7.23342175066313	7.23342175066313	1.884393063583815e-06
7.241379310344827	7.241379310344827	1.8034682080924855e-06
7.249336870026525	7.249336870026525	1.8034682080924855e-06
7.257294429708223	7.257294429708223	1.815028901734104e-06
7.26525198938992	7.26525198938992	1.7919075144508668e-06
7.273209549071618	7.273209549071618	1.7456647398843932e-06
7.281167108753316	7.281167108753316	1.560693641618497e-06
7.289124668435013	7.289124668435013	1.5375722543352597e-06
7.297082228116711	7.297082228116711	2e-06
7.305039787798409	7.305039787798409	2e-06
7.312997347480106	7.312997347480106	2e-06
7.320954907161804	7.320954907161804	2e-06
7.3289124668435015	7.3289124668435015	1.8265895953757227e-06
7.336870026525199	7.336870026525199	1.4797687861271675e-06
7.344827586206897	7.344827586206897	1.3410404624277457e-06
7.352785145888594	7.352785145888594	1.2947976878612712e-06
7.360742705570292	7.360742705570292	1.2716763005780348e-06
7.36870026525199	7.36870026525199	1.6069364161849706e-06
7.376657824933687	7.376657824933687	2e-06
7.384615384615385	7.384615384615385	2.1387283236994217e-06
7.392572944297083	7.392572944297083	2.1387283236994217e-06
7.40053050397878	7.40053050397878	2.1387283236994217e-06
7.408488063660478	7.408488063660478	2.046242774566474e-06
7.416445623342176	7.416445623342176	1.8728323699421963e-06
7.424403183023873	7.424403183023873	2.0346820809248554e-06
7.432360742705571	7.432360742705571	2.1040462427745662e-06
7.4403183023872685	7.4403183023872685	2.1040462427745662e-06
7.448275862068966	7.448275862068966	2.1040462427745662e-06
7.456233421750664	7.456233421750664	2e-06
7.4641909814323615	7.4641909814323615	1.6647398843930637e-06
7.472148541114059	7.472148541114059	1.6647398843930637e-06
7.480106100795757	7.480106100795757	2.2890173410404625e-06
7.488063660477454	7.488063660477454	3.028901734104046e-06
7.496021220159152	7.496021220159152	3.4104046242774565e-06
7.50397877984085	7.50397877984085	3.4104046242774565e-06
7.511936339522547	7.511936339522547	3.4104046242774565e-06
7.519893899204245	7.519893899204245	2.9479768786127167e-06
7.527851458885941	7.527851458885941	1.9075144508670518e-06
7.5358090185676385	7.5358090185676385	1.5375722543352597e-06
7.543766578249336	7.543766578249336	1.4566473988439302e-06
7.551724137931034	7.551724137931034	1.398843930635838e-06
7.5596816976127315	7.5596816976127315	1.3410404624277457e-06
7.567639257294429	7.567639257294429	1.5144508670520233e-06
7.575596816976127	7.575596816976127	2.1849710982658957e-06
7.583554376657824	7.583554376657824	2.23121387283237e-06
7.591511936339522	7.591511936339522	2.23121387283237e-06
7.59946949602122	7.59946949602122	2.23121387283237e-06
7.607427055702917	7.607427055702917	2.1849710982658957e-06
7.615384615384615	7.615384615384615	2.208092485549133e-06
7.623342175066313	7.623342175066313	2.0809248554913294e-06
7.63129973474801	7.63129973474801	1.815028901734104e-06
7.639257294429708	7.639257294429708	1.6878612716763e-06
7.647214854111406	7.647214854111406	1.1907514450867053e-06
7.655172413793103	7.655172413793103	1.167630057803468e-06
7.663129973474801	7.663129973474801	1.1445086705202308e-06
7.6710875331564985	7.6710875331564985	9.710982658959532e-07
7.679045092838196	7.679045092838196	9.017341040462423e-07
7.687002652519894	7.687002652519894	1.2254335260115603e-06
7.694960212201591	7.694960212201591	2.4624277456647397e-06
7.702917771883289	7.702917771883289	2.878612716763006e-06
7.710875331564987	7.710875331564987	2.936416184971098e-06
7.718832891246684	7.718832891246684	2.9942196531791908e-06
7.726790450928382	7.726790450928382	2.9710982658959535e-06
7.73474801061008	7.73474801061008	2.4161849710982656e-06
7.742705570291777	7.742705570291777	2.4161849710982656e-06
7.750663129973475	7.750663129973475	2.4161849710982656e-06
7.758620689655173	7.758620689655173	2.3005780346820807e-06
7.76657824933687	7.76657824933687	2.2658959537572252e-06
7.774535809018568	7.774535809018568	3.791907514450867e-06
7.7824933687002655	7.7824933687002655	4e-06
7.790450928381963	7.790450928381963	4e-06
7.798408488063661	7.798408488063661	4e-06
7.8063660477453585	7.8063660477453585	3.965317919075145e-06
7.814323607427056	7.814323607427056	3.4104046242774565e-06
7.822281167108754	7.822281167108754	2.7514450867052023e-06
7.830238726790451	7.830238726790451	2.4277456647398842e-06
7.838196286472149	7.838196286472149	2.173410404624277e-06
7.846153846153847	7.846153846153847	1.7456647398843932e-06
7.854111405835544	7.854111405835544	1.7456647398843932e-06
7.862068965517242	7.862068965517242	1.7456647398843932e-06
7.87002652519894	7.87002652519894	1.7456647398843932e-06
7.877984084880637	7.877984084880637	1.6878612716763e-06
7.885941644562335	7.885941644562335	1.491329479768786e-06
7.893899204244033	7.893899204244033	1.5028901734104047e-06
7.90185676392573	7.90185676392573	1.3872832369942193e-06
7.909814323607428	7.909814323607428	1.884393063583815e-06
7.9177718832891255	7.9177718832891255	2.878612716763006e-06
7.925729442970823	7.925729442970823	3.0751445086705203e-06
7.933687002652521	7.933687002652521	3.0751445086705203e-06
7.9416445623342184	7.9416445623342184	3.0751445086705203e-06
7.949602122015916	7.949602122015916	2.867052023121387e-06
7.957559681697612	7.957559681697612	1.5375722543352597e-06
7.96551724137931	7.96551724137931	1.167630057803468e-06
7.973474801061007	7.973474801061007	1.1098265895953758e-06
7.981432360742705	7.981432360742705	1.8381502890173405e-06
7.9893899204244025	7.9893899204244025	2.3468208092485547e-06
7.9973474801061	7.9973474801061	2.393063583815029e-06
8.005305039787798	8.005305039787798	2.393063583815029e-06
8.013262599469495	8.013262599469495	2.4277456647398842e-06
8.021220159151193	8.021220159151193	2.4624277456647397e-06
8.02917771883289	8.02917771883289	2.4624277456647397e-06
8.037135278514588	8.037135278514588	2.5202312138728324e-06
8.045092838196286	8.045092838196286	2.4739884393063583e-06
8.053050397877984	8.053050397877984	2.4277456647398842e-06
8.061007957559681	8.061007957559681	2.38150289017341e-06
8.068965517241379	8.068965517241379	2.0809248554913294e-06
8.076923076923077	8.076923076923077	2.0809248554913294e-06
8.084880636604774	8.084880636604774	2.0809248554913294e-06
8.092838196286472	8.092838196286472	2.0809248554913294e-06
8.10079575596817	8.10079575596817	1.815028901734104e-06
8.108753315649867	8.108753315649867	1.9884393063583813e-06
8.116710875331565	8.116710875331565	2.5317919075144506e-06
8.124668435013263	8.124668435013263	2.6242774566473987e-06
8.13262599469496	8.13262599469496	2.6242774566473987e-06
8.140583554376658	8.140583554376658	2.6242774566473987e-06
8.148541114058355	8.148541114058355	2.601156069364162e-06
8.156498673740053	8.156498673740053	3.0867052023121385e-06
8.16445623342175	8.16445623342175	3.1907514450867052e-06
8.172413793103448	8.172413793103448	3.1907514450867052e-06
8.180371352785146	8.180371352785146	3.1907514450867052e-06
8.188328912466844	8.188328912466844	3.098265895953757e-06
8.196286472148541	8.196286472148541	2.38150289017341e-06
8.204244031830239	8.204244031830239	2.069364161849711e-06
8.212201591511937	8.212201591511937	2.5664739884393064e-06
8.220159151193634	8.220159151193634	2.6705202312138728e-06
8.228116710875332	8.228116710875332	2.6705202312138728e-06
8.23607427055703	8.23607427055703	2.6705202312138728e-06
8.244031830238727	8.244031830238727	2.543352601156069e-06
8.251989389920425	8.251989389920425	1.7687861271676296e-06
8.259946949602123	8.259946949602123	1.7572254335260118e-06
8.26790450928382	8.26790450928382	2.161849710982659e-06
8.275862068965518	8.275862068965518	2.161849710982659e-06
8.283819628647215	8.283819628647215	2.161849710982659e-06
8.291777188328913	8.291777188328913	2.1502890173410403e-06
8.29973474801061	8.29973474801061	2.0346820809248554e-06
8.307692307692308	8.307692307692308	2.5086705202312137e-06
8.315649867374006	8.315649867374006	3.098265895953757e-06
8.323607427055704	8.323607427055704	3.583815028901734e-06
8.331564986737401	8.331564986737401	3.7572254335260113e-06
8.339522546419099	8.339522546419099	3.7572254335260113e-06
8.347480106100797	8.347480106100797	3.7572254335260113e-06
8.355437665782494	8.355437665782494	3.6878612716763004e-06
8.363395225464192	8.363395225464192	3.098265895953757e-06
8.37135278514589	8.37135278514589	2.0809248554913294e-06
8.379310344827587	8.379310344827587	2.0809248554913294e-06
8.387267904509283	8.387267904509283	2.1502890173410403e-06
8.39522546419098	8.39522546419098	2.1502890173410403e-06
8.403183023872678	8.403183023872678	2.1502890173410403e-06
8.411140583554376	8.411140583554376	2.1502890173410403e-06
8.419098143236074	8.419098143236074	2.092485549132948e-06
8.427055702917771	8.427055702917771	2.543352601156069e-06
8.435013262599469	8.435013262599469	2.936416184971098e-06
8.442970822281167	8.442970822281167	2.9479768786127167e-06
8.450928381962864	8.450928381962864	2.9479768786127167e-06
8.458885941644562	8.458885941644562	2.9479768786127167e-06
8.46684350132626	8.46684350132626	2.6705202312138728e-06
8.474801061007957	8.474801061007957	2.6820809248554914e-06
8.482758620689655	8.482758620689655	2.219653179190751e-06
8.490716180371352	8.490716180371352	2.1849710982658957e-06
8.49867374005305	8.49867374005305	2.1849710982658957e-06
8.506631299734748	8.506631299734748	1.653179190751445e-06
8.514588859416445	8.514588859416445	1.3526011560693643e-06
8.522546419098143	8.522546419098143	1.3526011560693643e-06
8.53050397877984	8.53050397877984	1.8959537572254336e-06
8.538461538461538	8.538461538461538	2.5895953757225433e-06
8.546419098143236	8.546419098143236	2.890173410404624e-06
8.554376657824934	8.554376657824934	3.3179190751445084e-06
8.562334217506631	8.562334217506631	3.421965317919075e-06
8.570291777188329	8.570291777188329	3.421965317919075e-06
8.578249336870027	8.578249336870027	4.277456647398844e-06
8.586206896551724	8.586206896551724	4.439306358381503e-06
8.594164456233422	8.594164456233422	4.439306358381503e-06
8.60212201591512	8.60212201591512	4.439306358381503e-06
8.610079575596817	8.610079575596817	4.358381502890173e-06
8.618037135278515	8.618037135278515	3.872832369942197e-06
8.625994694960212	8.625994694960212	3.329479768786127e-06
8.63395225464191	8.63395225464191	3.0751445086705203e-06
8.641909814323608	8.641909814323608	2.543352601156069e-06
8.649867374005305	8.649867374005305	1.953757225433526e-06
8.657824933687003	8.657824933687003	1.815028901734104e-06
8.6657824933687	8.6657824933687	1.5838150289017342e-06
8.673740053050398	8.673740053050398	1.4450867052023116e-06
8.681697612732096	8.681697612732096	1.815028901734104e-06
8.689655172413794	8.689655172413794	2.705202312138728e-06
8.697612732095491	8.697612732095491	3.005780346820809e-06
8.705570291777189	8.705570291777189	2.9710982658959535e-06
8.713527851458887	8.713527851458887	2.936416184971098e-06
8.721485411140584	8.721485411140584	2.936416184971098e-06
8.729442970822282	8.729442970822282	2.9017341040462426e-06
8.73740053050398	8.73740053050398	2.8554913294797686e-06
8.745358090185677	8.745358090185677	2.4161849710982656e-06
8.753315649867375	8.753315649867375	1.930635838150289e-06
8.761273209549072	8.761273209549072	1.6416184971098265e-06
8.76923076923077	8.76923076923077	1.653179190751445e-06
8.777188328912468	8.777188328912468	1.6416184971098265e-06
8.785145888594165	8.785145888594165	1.6763005780346823e-06
8.793103448275863	8.793103448275863	1.884393063583815e-06
8.80106100795756	8.80106100795756	1.9075144508670518e-06
8.809018567639258	8.809018567639258	2.161849710982659e-06
8.816976127320954	8.816976127320954	2.3699421965317916e-06
8.824933687002652	8.824933687002652	2.3583815028901734e-06
8.83289124668435	8.83289124668435	2.3699421965317916e-06
8.840848806366047	8.840848806366047	2.6242774566473987e-06
8.848806366047745	8.848806366047745	3.7109826589595377e-06
8.856763925729442	8.856763925729442	4.0115606936416184e-06
8.86472148541114	8.86472148541114	4.809248554913295e-06
8.872679045092838	8.872679045092838	5.352601156069364e-06
8.880636604774535	8.880636604774535	5.445086705202312e-06
8.888594164456233	8.888594164456233	5.445086705202312e-06
8.89655172413793	8.89655172413793	5.445086705202312e-06
8.904509283819628	8.904509283819628	5.410404624277456e-06
8.912466843501326	8.912466843501326	4.138728323699422e-06
8.920424403183024	8.920424403183024	3.0751445086705203e-06
8.928381962864721	8.928381962864721	2.393063583815029e-06
8.936339522546419	8.936339522546419	2.057803468208092e-06
8.944297082228116	8.944297082228116	1.4682080924855488e-06
8.952254641909814	8.952254641909814	1.3410404624277457e-06
8.960212201591512	8.960212201591512	1.2832369942196534e-06
8.96816976127321	8.96816976127321	1.2485549132947976e-06
8.976127320954907	8.976127320954907	1.6647398843930637e-06
8.984084880636605	8.984084880636605	3.283236994219653e-06
8.992042440318302	8.992042440318302	4.254335260115607e-06
9.0	9.0	4.289017341040463e-06
9.007957559681698	9.007957559681698	4.289017341040463e-06
9.015915119363395	9.015915119363395	4.289017341040463e-06
9.023872679045093	9.023872679045093	4.0115606936416184e-06
9.03183023872679	9.03183023872679	4.196531791907514e-06
9.039787798408488	9.039787798408488	4.323699421965318e-06
9.047745358090186	9.047745358090186	4.323699421965318e-06
9.055702917771884	9.055702917771884	4.323699421965318e-06
9.063660477453581	9.063660477453581	4.300578034682081e-06
9.071618037135279	9.071618037135279	3.6416184971098264e-06
9.079575596816976	9.079575596816976	3.3179190751445084e-06
9.087533156498674	9.087533156498674	3.930635838150289e-06
9.095490716180372	9.095490716180372	4.0462427745664735e-06
9.10344827586207	9.10344827586207	4.0462427745664735e-06
9.111405835543767	9.111405835543767	4.0462427745664735e-06
9.119363395225465	9.119363395225465	3.91907514450867e-06
9.127320954907162	9.127320954907162	3.7572254335260113e-06
9.13527851458886	9.13527851458886	4e-06
9.143236074270558	9.143236074270558	4e-06
9.151193633952255	9.151193633952255	4e-06
9.159151193633953	9.159151193633953	3.953757225433526e-06
9.16710875331565	9.16710875331565	3.421965317919075e-06
9.175066312997348	9.175066312997348	2.9942196531791908e-06
9.183023872679046	9.183023872679046	2.9942196531791908e-06
9.190981432360743	9.190981432360743	2.9942196531791908e-06
9.198938992042441	9.198938992042441	2.9248554913294795e-06
9.206896551724139	9.206896551724139	2.820809248554913e-06
9.214854111405836	9.214854111405836	2.5664739884393064e-06
9.222811671087534	9.222811671087534	2.601156069364162e-06
9.230769230769232	9.230769230769232	2.705202312138728e-06
9.23872679045093	9.23872679045093	2.705202312138728e-06
9.246684350132625	9.246684350132625	2.705202312138728e-06
9.254641909814323	9.254641909814323	2.658959537572254e-06
9.26259946949602	9.26259946949602	2.393063583815029e-06
9.270557029177718	9.270557029177718	1.6184971098265892e-06
