3.754	0.00019424554297399225	0.00019424554297399225
3.954	0.00017901544800624756	0.00017901544800624756
4.154	0.00020712640005032405	0.00020712640005032405
4.354	0.00021568557985422078	0.00021568557985422078
4.554	0.00022159603380769702	0.00022159603380769702
4.754	0.00024274637058215755	0.00024274637058215755
4.954	0.00023844989009699923	0.00023844989009699923
5.154	0.00025008844674155047	0.00025008844674155047
5.354	0.0002765873737215343	0.0002765873737215343
5.554	0.0003024744741080891	0.0003024744741080891
5.754	0.00031090248862765076	0.00031090248862765076
5.954	0.00035441060450898187	0.00035441060450898187
6.154	0.0003728892984754282	0.0003728892984754282
6.354	0.00041860528694473935	0.00041860528694473935
6.554	0.00043436144684874396	0.00043436144684874396
6.754	0.0005494296721872579	0.0005494296721872579
6.954	0.0005941769428314346	0.0005941769428314346
7.154	0.0006201448478024911	0.0006201448478024911
7.354	0.0006418483411983431	0.0006418483411983431
7.554	0.0006366011004223771	0.0006366011004223771
7.754	0.0006951998148020396	0.0006951998148020396
7.954	0.0007232662068820298	0.0007232662068820298
8.154	0.0007564527802625382	0.0007564527802625382
8.354	0.0008257143935759257	0.0008257143935759257
8.554	0.0008307077772479138	0.0008307077772479138
8.754	0.0009252066836137981	0.0009252066836137981
8.954	0.001012183363983873	0.001012183363983873
9.154	0.0010789284567019287	0.0010789284567019287
9.354	0.0011920521062695458	0.0011920521062695458
9.554	0.0013270712749509288	0.0013270712749509288
9.754	0.0015017555917064469	0.0015017555917064469
9.954	0.001740430793232357	0.001740430793232357
10.154	0.002063453110201465	0.002063453110201465
10.354	0.0025049678890152896	0.0025049678890152896
