0.18456375838926176	0.18456375838926176	9.725741119741849e-08
0.1895973154362416	0.1895973154362416	9.250891234998888e-08
0.19463087248322142	0.19463087248322142	6.966187651595357e-08
0.19966442953020136	0.19966442953020136	4.719685320018238e-08
0.2046979865771812	0.2046979865771812	4.0615859883769794e-08
0.20973154362416102	0.20973154362416102	4.746008398601418e-08
0.21476510067114096	0.21476510067114096	6.408601764479807e-08
0.2197986577181208	0.2197986577181208	6.408601764479807e-08
0.22483221476510062	0.22483221476510062	5.423748173797406e-08
0.22986577181208057	0.22986577181208057	5.130325584897008e-08
0.2348993288590604	0.2348993288590604	5.515004786717145e-08
0.23993288590604023	0.23993288590604023	6.51642891128637e-08
0.24496644295302006	0.24496644295302006	7.530288136174584e-08
0.25	0.25	7.572286776533476e-08
0.25503355704697983	0.25503355704697983	7.202577213137945e-08
0.26006711409395966	0.26006711409395966	7.530288136174584e-08
0.2651006711409396	0.2651006711409396	8.544310429433233e-08
0.27013422818791943	0.27013422818791943	9.30248618687216e-08
0.27516778523489926	0.27516778523489926	1.045499119737151e-07
0.2802013422818792	0.2802013422818792	1.1176586373945471e-07
0.28523489932885904	0.28523489932885904	1.057193755843529e-07
0.29026845637583887	0.29026845637583887	8.947275729297548e-08
0.2953020134228188	0.2953020134228188	7.916819159263018e-08
0.30033557046979864	0.30033557046979864	7.530288136174584e-08
0.30536912751677847	0.30536912751677847	6.737556427541213e-08
0.3104026845637584	0.3104026845637584	5.334001581217396e-08
0.31543624161073824	0.31543624161073824	4.341913422721453e-08
0.3204697986577181	0.3204697986577181	3.9943790511728254e-08
0.325503355704698	0.325503355704698	4.0390589639461137e-08
0.33053691275167785	0.33053691275167785	4.8527770397239535e-08
0.3355704697986577	0.3355704697986577	7.78581979851677e-08
0.3406040268456375	0.3406040268456375	1.221677348996793e-07
0.34563758389261745	0.34563758389261745	1.313280476267567e-07
0.3506711409395973	0.3506711409395973	1.0630900375711864e-07
0.3557046979865771	0.3557046979865771	7.82924361440586e-08
0.36073825503355705	0.36073825503355705	6.812920690579622e-08
0.3657718120805369	0.3657718120805369	6.927550656129393e-08
0.3708053691275167	0.3708053691275167	7.283143057666757e-08
0.37583892617449666	0.37583892617449666	6.927550656129393e-08
0.3808724832214765	0.3808724832214765	6.061898993497573e-08
0.3859060402684563	0.3859060402684563	5.9285277891624524e-08
0.39093959731543626	0.39093959731543626	7.699693363480427e-08
0.3959731543624161	0.3959731543624161	1.1176586373945471e-07
0.4010067114093959	0.4010067114093959	1.3503140378698722e-07
0.40604026845637575	0.40604026845637575	1.3428247079855648e-07
0.4110738255033557	0.4110738255033557	1.3883919191812873e-07
0.4161073825503355	0.4161073825503355	1.543141663868093e-07
0.42114093959731536	0.42114093959731536	1.6044050107358068e-07
0.4261744966442953	0.4261744966442953	1.9169407765334556e-07
0.43120805369127513	0.43120805369127513	1.8747650985355854e-07
0.43624161073825496	0.43624161073825496	1.4355054012519858e-07
0.4412751677852349	0.4412751677852349	1.1685111215626227e-07
0.44630872483221473	0.44630872483221473	1.500819633386877e-07
0.45134228187919456	0.45134228187919456	2.381286194765587e-07
0.4563758389261745	0.4563758389261745	3.0927026341854144e-07
0.46140939597315433	0.46140939597315433	2.721338768375309e-07
0.46644295302013417	0.46644295302013417	1.3503140378698722e-07
0.4714765100671141	0.4714765100671141	9.459004032823725e-08
0.47651006711409394	0.47651006711409394	1.0809769292462363e-07
0.48154362416107377	0.48154362416107377	2.0378806421466945e-07
0.4865771812080537	0.4865771812080537	3.1976499391161556e-07
0.49161073825503354	0.49161073825503354	4.246384575584879e-07
0.49664429530201337	0.49664429530201337	4.746008398601418e-07
0.497	0.497	nan
0.611	0.611	nan
0.6124161073825503	0.6124161073825503	2.015337685941735e-07
0.6174496644295302	0.6174496644295302	1.8132350535914236e-07
0.6224832214765099	0.6224832214765099	1.543141663868093e-07
0.6275167785234899	0.6275167785234899	1.5517482205617578e-07
0.6325503355704698	0.6325503355704698	1.793177118127962e-07
0.6375838926174495	0.6375838926174495	1.9930440990393484e-07
0.6426174496644295	0.6426174496644295	2.1785335431435084e-07
0.6476510067114094	0.6476510067114094	2.166450608425323e-07
0.6526845637583891	0.6526845637583891	1.8957356524063754e-07
0.6577181208053691	0.6577181208053691	1.613353251203814e-07
0.662751677852349	0.662751677852349	1.3730335819057275e-07
0.6677852348993287	0.6677852348993287	1.221677348996793e-07
0.6728187919463087	0.6728187919463087	1.1947985475651928e-07
0.6778523489932886	0.6778523489932886	1.201462291846031e-07
0.6828859060402683	0.6828859060402683	1.162030136386261e-07
0.6879194630872483	0.6879194630872483	1.0930684093711576e-07
0.6929530201342282	0.6929530201342282	1.0690192046030011e-07
0.6979865771812079	0.6979865771812079	1.0991647746340366e-07
0.7030201342281879	0.7030201342281879	1.1052951411260221e-07
0.7080536912751678	0.7080536912751678	1.045499119737151e-07
0.7130872483221475	0.7130872483221475	9.671798642975443e-08
0.7181208053691275	0.7181208053691275	9.148558236856374e-08
0.7231543624161074	0.7231543624161074	8.848301314040948e-08
0.7281879194630871	0.7281879194630871	8.750421749906794e-08
0.7332214765100671	0.7332214765100671	9.047357242349312e-08
0.738255033557047	0.738255033557047	9.779984449628436e-08
0.7432885906040267	0.7432885906040267	1.0809769292462363e-07
0.7483221476510067	0.7483221476510067	1.2772625929789635e-07
0.7533557046979866	0.7533557046979866	1.6223513986510082e-07
0.7583892617449663	0.7583892617449663	2.0041598944539787e-07
0.7634228187919463	0.7634228187919463	2.2275429519995565e-07
0.7684563758389262	0.7684563758389262	2.2275429519995565e-07
0.773489932885906	0.773489932885906	2.1544346900318867e-07
0.7785234899328859	0.7785234899328859	2.130602417493745e-07
0.7835570469798656	0.7835570469798656	2.049246504200854e-07
0.7885906040268456	0.7885906040268456	1.8031781963765172e-07
0.7936241610738255	0.7936241610738255	1.5260714909506144e-07
0.7986577181208052	0.7986577181208052	1.4435116387279175e-07
0.8036912751677852	0.8036912751677852	1.6044050107358068e-07
0.8087248322147651	0.8087248322147651	1.9491940296028544e-07
0.8137583892617448	0.8137583892617448	2.2078082540787887e-07
0.8187919463087248	0.8187919463087248	2.2650222040626903e-07
0.8238255033557047	0.8238255033557047	1.890066767242064e-07
0.8288590604026844	0.8288590604026844	1.4677992676220706e-07
0.8338926174496644	0.8338926174496644	1.0870058567542769e-07
0.8389261744966443	0.8389261744966443	9.564809583497401e-08
0.843959731543624	0.843959731543624	9.94453638432048e-08
0.848993288590604	0.848993288590604	1.181581732618102e-07
0.8540268456375839	0.8540268456375839	1.4117521379616695e-07
0.8590604026845636	0.8590604026845636	1.6044050107358068e-07
0.8640939597315436	0.8640939597315436	1.7537244330721e-07
0.8691275167785235	0.8691275167785235	1.8540265201140606e-07
0.8741610738255032	0.8741610738255032	1.8540265201140606e-07
0.8791946308724832	0.8791946308724832	1.8335173510384148e-07
0.8842281879194631	0.8842281879194631	1.8437434186769327e-07
0.885	0.885	nan
1.024	1.024	nan
1.0251677852348993	1.0251677852348993	2.8136842678706894e-07
1.0302013422818792	1.0302013422818792	1.1947985475651928e-07
1.035234899328859	1.035234899328859	6.061898993497573e-08
1.0402684563758389	1.0402684563758389	6.408601764479807e-08
1.0453020134228188	1.0453020134228188	7.960973597266375e-08
1.0503355704697985	1.0503355704697985	1.0339338492393995e-07
1.0553691275167785	1.0553691275167785	1.6404985294191976e-07
1.0604026845637584	1.0604026845637584	2.661465083688152e-07
1.0654362416107381	1.0654362416107381	3.3993897939145026e-07
1.070469798657718	1.070469798657718	3.613857423731676e-07
1.075503355704698	1.075503355704698	3.437414337286239e-07
1.0805369127516777	1.0805369127516777	3.0246583669658255e-07
1.0855704697986577	1.0855704697986577	2.545640673860415e-07
1.0906040268456376	1.0906040268456376	2.0378806421466945e-07
1.0956375838926173	1.0956375838926173	1.6044050107358068e-07
1.1006711409395973	1.1006711409395973	1.4677992676220706e-07
1.105704697986577	1.105704697986577	1.5517482205617578e-07
1.110738255033557	1.110738255033557	1.6588486484890528e-07
1.1157718120805369	1.1157718120805369	1.5604027785633068e-07
1.1208053691275166	1.1208053691275166	1.3883919191812873e-07
1.1258389261744965	1.1258389261744965	1.396135390856796e-07
1.1308724832214765	1.1308724832214765	1.543141663868093e-07
1.1359060402684562	1.1359060402684562	1.500819633386877e-07
1.1409395973154361	1.1409395973154361	1.4596583221746634e-07
1.145973154362416	1.145973154362416	1.696166959193965e-07
1.1510067114093958	1.1510067114093958	2.049246504200854e-07
1.1560402684563758	1.1560402684563758	2.107033776625191e-07
1.1610738255033557	1.1610738255033557	2.0721687541640306e-07
1.1661073825503354	1.1661073825503354	2.015337685941735e-07
1.1711409395973154	1.1711409395973154	1.8747650985355854e-07
1.1761744966442953	1.1761744966442953	1.7151397684378582e-07
1.181208053691275	1.181208053691275	1.543141663868093e-07
1.186241610738255	1.186241610738255	1.1491758043259694e-07
1.191275167785235	1.191275167785235	1.0111856967505797e-07
1.1963087248322146	1.1963087248322146	9.889380389907366e-08
1.2013422818791946	1.2013422818791946	1.0111856967505797e-07
1.2063758389261745	1.2063758389261745	1.1750282531069149e-07
1.2114093959731542	1.2114093959731542	1.4117521379616695e-07
1.2164429530201342	1.2164429530201342	1.8335173510384148e-07
1.221476510067114	1.221476510067114	2.2524595719595195e-07
1.2265100671140938	1.2265100671140938	2.6174259036086593e-07
1.2315436241610738	1.2315436241610738	2.876982353461296e-07
1.2365771812080537	1.2365771812080537	2.8136842678706894e-07
1.2416107382550334	1.2416107382550334	2.3159773062305267e-07
1.2466442953020134	1.2466442953020134	1.8437434186769327e-07
1.251677852348993	1.251677852348993	1.5260714909506144e-07
1.256711409395973	1.256711409395973	1.4355054012519858e-07
1.261744966442953	1.261744966442953	1.3806913955994825e-07
1.2667785234899327	1.2667785234899327	1.3428247079855648e-07
1.2718120805369126	1.2718120805369126	1.3730335819057275e-07
1.2768456375838926	1.2768456375838926	1.5345828422497097e-07
1.2818791946308723	1.2818791946308723	1.86436697344413e-07
1.2869127516778522	1.2869127516778522	2.142485416266427e-07
1.2919463087248322	1.2919463087248322	2.5315216302611003e-07
1.296979865771812	1.296979865771812	2.7517788385939513e-07
1.3020134228187918	1.3020134228187918	2.5884720403183043e-07
1.3070469798657718	1.3070469798657718	2.2275429519995565e-07
1.3120805369127515	1.3120805369127515	1.7832315094754462e-07
1.3171140939597314	1.3171140939597314	1.4759856175259663e-07
1.3221476510067114	1.3221476510067114	1.1555850970970063e-07
1.327181208053691	1.327181208053691	9.047357242349312e-08
1.332214765100671	1.332214765100671	8.947275729297548e-08
1.337248322147651	1.337248322147651	1.0749814403500223e-07
1.3422818791946307	1.3422818791946307	1.595506400444829e-07
1.3473154362416107	1.3473154362416107	2.0265778192730148e-07
1.3523489932885906	1.3523489932885906	2.4758242177851586e-07
1.3573825503355703	1.3573825503355703	2.602908713169917e-07
1.3624161073825503	1.3624161073825503	2.1906838679562777e-07
1.3674496644295302	1.3674496644295302	1.677404026426157e-07
1.37248322147651	1.37248322147651	1.5345828422497097e-07
1.3775167785234899	1.3775167785234899	1.595506400444829e-07
1.3825503355704698	1.3825503355704698	1.6404985294191976e-07
1.3875838926174495	1.3875838926174495	1.7733410627645306e-07
1.3926174496644295	1.3926174496644295	1.7733410627645306e-07
1.3976510067114094	1.3976510067114094	1.7832315094754462e-07
1.4026845637583891	1.4026845637583891	1.793177118127962e-07
1.407718120805369	1.407718120805369	1.86436697344413e-07
1.412751677852349	1.412751677852349	2.015337685941735e-07
1.4177852348993287	1.4177852348993287	2.2029019587180823e-07
1.4228187919463087	1.4228187919463087	2.2650222040626903e-07
1.4278523489932884	1.4278523489932884	1.981989955845199e-07
1.4328859060402683	1.4328859060402683	1.5345828422497097e-07
1.4379194630872483	1.4379194630872483	1.2353426613497236e-07
1.442953020134228	1.442953020134228	1.1947985475651928e-07
1.447986577181208	1.447986577181208	1.4196258964747493e-07
1.4530201342281879	1.4530201342281879	1.677404026426157e-07
1.4580536912751676	1.4580536912751676	1.696166959193965e-07
1.4630872483221475	1.4630872483221475	1.5604027785633068e-07
1.4681208053691275	1.4681208053691275	1.2772625929789635e-07
1.4731543624161072	1.4731543624161072	1.2284910042895594e-07
1.4781879194630871	1.4781879194630871	1.2353426613497236e-07
1.483221476510067	1.483221476510067	1.4759856175259663e-07
1.4882550335570468	1.4882550335570468	2.049246504200854e-07
1.4932885906040267	1.4932885906040267	2.517480895982576e-07
1.4983221476510067	1.4983221476510067	2.7517788385939513e-07
1.5033557046979864	1.5033557046979864	2.574115438474159e-07
1.5083892617449663	1.5083892617449663	2.118785326128772e-07
1.5134228187919463	1.5134228187919463	1.4677992676220706e-07
1.518456375838926	1.518456375838926	1.045499119737151e-07
1.523489932885906	1.523489932885906	8.947275729297548e-08
1.528523489932886	1.528523489932886	8.947275729297548e-08
1.5335570469798656	1.5335570469798656	9.250891234998888e-08
1.5385906040268456	1.5385906040268456	1.221677348996793e-07
1.5436241610738255	1.5436241610738255	1.6044050107358068e-07
1.5486577181208052	1.5486577181208052	2.095347405464136e-07
1.5536912751677852	1.5536912751677852	2.691235425026544e-07
1.558724832214765	1.558724832214765	3.306158510070498e-07
1.563758389261745	1.563758389261745	3.306158510070498e-07
1.5687919463087248	1.5687919463087248	2.974609438908064e-07
1.5738255033557045	1.5738255033557045	2.4484367468222294e-07
1.5788590604026846	1.5788590604026846	1.960065260232888e-07
1.5838926174496644	1.5838926174496644	1.3730335819057275e-07
1.588926174496644	1.588926174496644	1.0055772952640597e-07
1.5939597315436242	1.5939597315436242	8.653624925694732e-08
1.598993288590604	1.598993288590604	8.323190888192697e-08
1.6040268456375837	1.6040268456375837	9.511759691218714e-08
1.6090604026845639	1.6090604026845639	1.1238921496197231e-07
1.6140939597315436	1.6140939597315436	1.3883919191812873e-07
1.6191275167785233	1.6191275167785233	1.9169407765334556e-07
1.6241610738255035	1.6241610738255035	2.7062452396170085e-07
1.6291946308724832	1.6291946308724832	3.65428093697337e-07
1.634228187919463	1.634228187919463	3.736489516721271e-07
1.639261744966443	1.639261744966443	3.456585811990197e-07
1.6442953020134228	1.6442953020134228	3.109951549940202e-07
1.6493288590604025	1.6493288590604025	2.489632620469651e-07
1.6543624161073822	1.6543624161073822	1.6496480740980207e-07
1.6593959731543624	1.6593959731543624	1.0930684093711576e-07
1.664429530201342	1.664429530201342	9.459004032823725e-08
1.6694630872483218	1.6694630872483218	9.406540976384968e-08
1.674496644295302	1.674496644295302	8.510433662815194e-08
1.6795302013422817	1.6795302013422817	6.889127955410182e-08
1.6845637583892614	1.6845637583892614	7.242748112917803e-08
1.6895973154362416	1.6895973154362416	9.889380389907366e-08
1.6946308724832213	1.6946308724832213	1.298753018844868e-07
1.699664429530201	1.699664429530201	2.0378806421466945e-07
1.7046979865771812	1.7046979865771812	2.407922540016577e-07
1.709731543624161	1.709731543624161	2.421352234995234e-07
1.7147651006711406	1.7147651006711406	2.7517788385939513e-07
1.7197986577181208	1.7197986577181208	2.767126321678175e-07
1.7248322147651005	1.7248322147651005	2.5315216302611003e-07
1.7298657718120802	1.7298657718120802	2.2524595719595195e-07
1.7348993288590604	1.7348993288590604	2.166450608425323e-07
1.7399328859060401	1.7399328859060401	1.9709971229260327e-07
1.7449664429530198	1.7449664429530198	1.7343248017724673e-07
1.75	1.75	1.686759403958658e-07
1.7550335570469797	1.7550335570469797	1.4275435692638943e-07
1.7600671140939594	1.7600671140939594	9.834530310581926e-08
1.7651006711409396	1.7651006711409396	7.78581979851677e-08
1.7701342281879193	1.7701342281879193	8.653624925694732e-08
1.775167785234899	1.775167785234899	1.1750282531069149e-07
1.7802013422818792	1.7802013422818792	1.8233480008684424e-07
1.785234899328859	1.785234899328859	2.3549444997271926e-07
1.7902684563758386	1.7902684563758386	2.4620924014946254e-07
1.7953020134228188	1.7953020134228188	2.166450608425323e-07
1.8003355704697985	1.8003355704697985	1.8540265201140606e-07
1.8053691275167782	1.8053691275167782	1.8747650985355854e-07
1.8104026845637584	1.8104026845637584	1.793177118127962e-07
1.8154362416107381	1.8154362416107381	1.696166959193965e-07
1.8204697986577179	1.8204697986577179	1.7439976432757307e-07
1.825503355704698	1.825503355704698	1.6588486484890528e-07
1.8305369127516777	1.8305369127516777	1.6223513986510082e-07
1.8355704697986575	1.8355704697986575	1.5866571450639806e-07
1.8406040268456376	1.8406040268456376	1.2701784328210797e-07
1.8456375838926173	1.8456375838926173	1e-07
1.850671140939597	1.850671140939597	8.799225435691075e-08
1.8557046979865772	1.8557046979865772	8.997177327848796e-08
1.860738255033557	1.860738255033557	1.1685111215626227e-07
1.8657718120805367	1.8657718120805367	1.5866571450639806e-07
1.8708053691275168	1.8708053691275168	2.142485416266427e-07
1.8758389261744965	1.8758389261744965	2.1785335431435084e-07
1.8808724832214763	1.8808724832214763	2.2029019587180823e-07
1.8859060402684564	1.8859060402684564	2.2524595719595195e-07
1.8909395973154361	1.8909395973154361	2.1906838679562777e-07
1.8959731543624159	1.8959731543624159	1.8031781963765172e-07
1.901006711409396	1.901006711409396	1.4596583221746634e-07
1.9060402684563758	1.9060402684563758	1.1428020598100332e-07
1.9110738255033555	1.9110738255033555	1.0749814403500223e-07
1.9161073825503356	1.9161073825503356	9.779984449628436e-08
1.9211409395973154	1.9211409395973154	1.0630900375711864e-07
1.926174496644295	1.926174496644295	1.201462291846031e-07
1.9312080536912752	1.9312080536912752	1.2561277685224054e-07
1.936241610738255	1.936241610738255	1.4275435692638943e-07
1.9412751677852347	1.9412751677852347	1.686759403958658e-07
1.9463087248322148	1.9463087248322148	2.2399666167562332e-07
1.9513422818791946	1.9513422818791946	2.8136842678706894e-07
1.9563758389261743	1.9563758389261743	2.8136842678706894e-07
1.9614093959731544	1.9614093959731544	2.6467036360335326e-07
1.9664429530201342	1.9664429530201342	2.545640673860415e-07
1.9714765100671139	1.9714765100671139	2.130602417493745e-07
1.976510067114094	1.976510067114094	1.6044050107358068e-07
1.9815436241610738	1.9815436241610738	1.1428020598100332e-07
1.9865771812080535	1.9865771812080535	9.30248618687216e-08
1.9916107382550332	1.9916107382550332	7.614519655710321e-08
1.9966442953020134	1.9966442953020134	8.799225435691075e-08
2.001677852348993	2.001677852348993	1.0749814403500223e-07
2.006711409395973	2.006711409395973	1.2772625929789635e-07
2.011744966442953	2.011744966442953	1.4275435692638943e-07
2.0167785234899327	2.0167785234899327	1.577856970853078e-07
2.0218120805369124	2.0218120805369124	1.7537244330721e-07
2.0268456375838926	2.0268456375838926	1.8132350535914236e-07
2.0318791946308723	2.0318791946308723	1.793177118127962e-07
2.036912751677852	2.036912751677852	1.7733410627645306e-07
2.041946308724832	2.041946308724832	1.8233480008684424e-07
2.046979865771812	2.046979865771812	2.095347405464136e-07
2.0520134228187916	2.0520134228187916	2.303132058707001e-07
2.057046979865772	2.057046979865772	2.2029019587180823e-07
2.0620805369127515	2.0620805369127515	1.7733410627645306e-07
2.0671140939597312	2.0671140939597312	1.4275435692638943e-07
2.0721476510067114	2.0721476510067114	1.2701784328210797e-07
2.077181208053691	2.077181208053691	1.3059965479060547e-07
2.082214765100671	2.082214765100671	1.50919014762037e-07
2.087248322147651	2.087248322147651	1.577856970853078e-07
2.0922818791946307	2.0922818791946307	1.50919014762037e-07
2.0973154362416104	2.0973154362416104	1.4196258964747493e-07
2.1023489932885906	2.1023489932885906	1.3059965479060547e-07
2.1073825503355703	2.1073825503355703	1.0339338492393995e-07
2.11241610738255	2.11241610738255	1.0055772952640597e-07
2.11744966442953	2.11744966442953	1.1364636663857242e-07
2.12248322147651	2.12248322147651	1.5866571450639806e-07
2.1275167785234896	2.1275167785234896	1.686759403958658e-07
2.13255033557047	2.13255033557047	1.696166959193965e-07
2.1375838926174495	2.1375838926174495	2.0606757570236243e-07
2.1426174496644292	2.1426174496644292	2.2776549016743947e-07
2.1476510067114094	2.1476510067114094	2.381286194765587e-07
2.152684563758389	2.152684563758389	2.2275429519995565e-07
2.157718120805369	2.157718120805369	1.9383830947485797e-07
2.162751677852349	2.162751677852349	1.677404026426157e-07
2.1677852348993287	2.1677852348993287	1.577856970853078e-07
2.1728187919463084	2.1728187919463084	1.7733410627645306e-07
2.1778523489932886	2.1778523489932886	2.0378806421466945e-07
2.1828859060402683	2.1828859060402683	2.0041598944539787e-07
2.187919463087248	2.187919463087248	2.0041598944539787e-07
2.192953020134228	2.192953020134228	1.9930440990393484e-07
2.197986577181208	2.197986577181208	1.7343248017724673e-07
2.2030201342281877	2.2030201342281877	1.3353769166326974e-07
2.208053691275168	2.208053691275168	8.557898864177889e-08
2.2130872483221475	2.2130872483221475	6.373057341948987e-08
2.2181208053691273	2.2181208053691273	6.58931970898473e-08
2.2231543624161074	2.2231543624161074	8.416291577465208e-08
2.228187919463087	2.228187919463087	1.1685111215626227e-07
2.233221476510067	2.233221476510067	1.8540265201140606e-07
2.238255033557047	2.238255033557047	2.7365164782000705e-07
2.2432885906040267	2.2432885906040267	3.287821359572686e-07
2.2483221476510065	2.2483221476510065	3.695156615375779e-07
2.2533557046979866	2.2533557046979866	3.65428093697337e-07
2.2583892617449663	2.2583892617449663	2.9253886689084394e-07
2.263422818791946	2.263422818791946	2.083725851142962e-07
2.2684563758389262	2.2684563758389262	1.595506400444829e-07
2.273489932885906	2.273489932885906	1.45156252935421e-07
2.2785234899328857	2.2785234899328857	1.284386263589743e-07
2.283557046979866	2.283557046979866	1.2081632017962902e-07
2.2885906040268456	2.2885906040268456	1.1428020598100332e-07
2.2936241610738253	2.2936241610738253	1.0991647746340366e-07
2.298657718120805	2.298657718120805	1.2081632017962902e-07
2.303691275167785	2.303691275167785	1.677404026426157e-07
2.308724832214765	2.308724832214765	2.574115438474159e-07
2.3137583892617446	2.3137583892617446	3.0415277797513026e-07
2.3187919463087248	2.3187919463087248	2.991199714044107e-07
2.3238255033557045	2.3238255033557045	2.5315216302611003e-07
2.328859060402684	2.328859060402684	1.9276321212478986e-07
2.3338926174496644	2.3338926174496644	1.5517482205617578e-07
2.338926174496644	2.338926174496644	1.4759856175259663e-07
2.343959731543624	2.343959731543624	1.3353769166326974e-07
2.348993288590604	2.348993288590604	1.320605029248236e-07
2.3540268456375837	2.3540268456375837	1.4039220501602047e-07
2.3590604026845634	2.3590604026845634	1.7635054720471387e-07
2.3640939597315436	2.3640939597315436	2.341883126059246e-07
2.3691275167785233	2.3691275167785233	2.407922540016577e-07
2.374161073825503	2.374161073825503	2.574115438474159e-07
2.379194630872483	2.379194630872483	2.602908713169917e-07
2.384228187919463	2.384228187919463	2.381286194765587e-07
2.3892617449664426	2.3892617449664426	2.0721687541640306e-07
2.3942953020134228	2.3942953020134228	1.396135390856796e-07
2.3993288590604025	2.3993288590604025	1e-07
2.404362416107382	2.404362416107382	9.354368899026163e-08
2.4093959731543624	2.4093959731543624	9.199582447383768e-08
2.414429530201342	2.414429530201342	9.725741119741849e-08
2.419463087248322	2.419463087248322	1.1364636663857242e-07
2.424496644295302	2.424496644295302	1.6588486484890528e-07
2.4295302013422817	2.4295302013422817	2.421352234995234e-07
2.4345637583892614	2.4345637583892614	2.661465083688152e-07
2.4395973154362416	2.4395973154362416	2.8610255691043824e-07
2.4446308724832213	2.4446308724832213	2.941704425277076e-07
2.449664429530201	2.449664429530201	2.829377015812438e-07
2.454697986577181	2.454697986577181	2.328894195492231e-07
2.459731543624161	2.459731543624161	1.9491940296028544e-07
2.4647651006711406	2.4647651006711406	1.4759856175259663e-07
2.469798657718121	2.469798657718121	1.1491758043259694e-07
2.4748322147651005	2.4748322147651005	1.0630900375711864e-07
2.4798657718120802	2.4798657718120802	1.0870058567542769e-07
2.4848993288590604	2.4848993288590604	1.1114596984820102e-07
2.48993288590604	2.48993288590604	1.2491608297426355e-07
2.49496644295302	2.49496644295302	1.4355054012519858e-07
2.5	2.5	1.7056269831425286e-07
2.5050335570469797	2.5050335570469797	1.8335173510384148e-07
2.5100671140939594	2.5100671140939594	2.2399666167562332e-07
2.5151006711409396	2.5151006711409396	2.5315216302611003e-07
2.5201342281879193	2.5201342281879193	2.958111179436431e-07
2.525167785234899	2.525167785234899	3.0927026341854144e-07
2.530201342281879	2.530201342281879	3.109951549940202e-07
2.535234899328859	2.535234899328859	2.7062452396170085e-07
2.5402684563758386	2.5402684563758386	1.86436697344413e-07
2.545302013422819	2.545302013422819	1.1176586373945471e-07
2.5503355704697985	2.5503355704697985	9.250891234998888e-08
2.5553691275167782	2.5553691275167782	8.510433662815194e-08
2.5604026845637584	2.5604026845637584	8.605628792983371e-08
2.565436241610738	2.565436241610738	1.045499119737151e-07
2.570469798657718	2.570469798657718	1.3428247079855648e-07
2.575503355704698	2.575503355704698	1.6044050107358068e-07
2.5805369127516777	2.5805369127516777	1.9383830947485797e-07
2.5855704697986575	2.5855704697986575	2.328894195492231e-07
2.5906040268456376	2.5906040268456376	2.4758242177851586e-07
2.5956375838926173	2.5956375838926173	2.691235425026544e-07
2.600671140939597	2.600671140939597	3.162277660168379e-07
2.6057046979865772	2.6057046979865772	3.233417881649619e-07
2.610738255033557	2.610738255033557	3.0927026341854144e-07
2.6157718120805367	2.6157718120805367	2.503518036693045e-07
2.620805369127517	2.620805369127517	1.960065260232888e-07
2.6258389261744965	2.6258389261744965	1.686759403958658e-07
2.6308724832214763	2.6308724832214763	1.5176073466832588e-07
2.635906040268456	2.635906040268456	1.4117521379616695e-07
2.640939597315436	2.640939597315436	1.3730335819057275e-07
2.645973154362416	2.645973154362416	1.5866571450639806e-07
2.6510067114093956	2.6510067114093956	1.8233480008684424e-07
2.6560402684563758	2.6560402684563758	2.2275429519995565e-07
2.6610738255033555	2.6610738255033555	2.303132058707001e-07
2.666107382550335	2.666107382550335	2.166450608425323e-07
2.6711409395973154	2.6711409395973154	1.8335173510384148e-07
2.676174496644295	2.676174496644295	1.7343248017724673e-07
2.681208053691275	2.681208053691275	1.8335173510384148e-07
2.686241610738255	2.686241610738255	2.049246504200854e-07
2.6912751677852347	2.6912751677852347	2.0721687541640306e-07
2.6963087248322144	2.6963087248322144	2.0378806421466945e-07
2.7013422818791946	2.7013422818791946	1.981989955845199e-07
2.7063758389261743	2.7063758389261743	2.107033776625191e-07
2.711409395973154	2.711409395973154	2.517480895982576e-07
2.716442953020134	2.716442953020134	2.721338768375309e-07
2.721476510067114	2.721476510067114	2.691235425026544e-07
2.7265100671140936	2.7265100671140936	2.3680787205326445e-07
2.7315436241610738	2.7315436241610738	1.8437434186769327e-07
2.7365771812080535	2.7365771812080535	1.2353426613497236e-07
2.741610738255033	2.741610738255033	8.185467307069037e-08
2.7466442953020134	2.7466442953020134	6.232840170085142e-08
2.751677852348993	2.751677852348993	6.02827750989123e-08
2.756711409395973	2.756711409395973	7.202577213137945e-08
2.761744966442953	2.761744966442953	1.0630900375711864e-07
2.7667785234899327	2.7667785234899327	1.8765037489199406e-07
2.7718120805369124	2.7718120805369124	2.0265778192730148e-07
2.7768456375838926	2.7768456375838926	2.2275429519995565e-07
2.7818791946308723	2.7818791946308723	2.845157286842968e-07
2.786912751677852	2.786912751677852	3.0246583669658255e-07
2.791946308724832	2.791946308724832	2.676308860294866e-07
2.796979865771812	2.796979865771812	1.8540265201140606e-07
2.8020134228187916	2.8020134228187916	1.0991647746340366e-07
2.807046979865772	2.807046979865772	7.242748112917803e-08
2.8120805369127515	2.8120805369127515	6.061898993497573e-08
2.8171140939597312	2.8171140939597312	6.198270584906582e-08
2.8221476510067114	2.8221476510067114	7.446988382423716e-08
2.827181208053691	2.827181208053691	1.0281992782741734e-07
2.832214765100671	2.832214765100671	1.6044050107358068e-07
2.837248322147651	2.837248322147651	2.3549444997271926e-07
2.8422818791946307	2.8422818791946307	2.8610255691043824e-07
2.8473154362416104	2.8473154362416104	2.7980785575830203e-07
