0.10093896713615025	3.824884792626728e-06	2.6866359447004608e-05	0.0
0.11488192134380826	3.824884792626728e-06	2.6682027649769586e-05	0.0
0.12882487555146627	3.824884792626728e-06	2.6595419493782273e-05	0.0
0.14276782975912428	3.824884792626728e-06	2.6506032466479866e-05	0.0
0.15671078396678229	3.824884792626728e-06	2.6497695852534564e-05	0.0
0.1706537381744403	3.824884792626728e-06	2.640552995391705e-05	0.0
0.1845966923820983	3.824884792626728e-06	2.636338373897135e-05	0.0
0.1985396465897563	3.824884792626728e-06	2.6240650255887733e-05	0.0
0.21248260079741432	3.824884792626728e-06	2.6221198156682027e-05	0.0
0.22642555500507233	3.732718894009213e-06	2.6129032258064513e-05	0.0
0.24036850921273034	3.732718894009213e-06	2.6129032258064513e-05	0.0
0.25431146342038835	3.732718894009213e-06	2.6128569112845332e-05	0.0
0.26825441762804636	3.732718894009213e-06	2.6036866359447005e-05	0.0
0.28219737183570437	3.732718894009213e-06	2.6036866359447005e-05	0.0
0.2961403260433624	3.732718894009213e-06	2.594470046082949e-05	0.0
0.3100832802510204	3.732718894009213e-06	2.5802051733320984e-05	0.0
0.3240262344586784	3.732718894009213e-06	2.5668202764976954e-05	0.0
0.3379691886663364	3.6877938077484186e-06	2.553111178009865e-05	0.0
0.3519121428739944	3.6405529953917055e-06	2.5349558854178728e-05	0.0
0.3658550970816524	3.6405529953917055e-06	2.532640159321955e-05	0.0
0.37979805128931043	3.6405529953917055e-06	2.502304147465438e-05	0.0
0.39374100549696844	3.6405529953917055e-06	2.4930875576036865e-05	0.0
0.40768395970462645	3.6405529953917055e-06	2.4900771136789937e-05	0.0
0.42162691391228446	3.548387096774191e-06	2.4803047495542228e-05	0.0
0.43556986811994247	3.548387096774191e-06	2.470532385429451e-05	0.0
0.4495128223276005	3.548387096774191e-06	2.4607600213046802e-05	0.0
0.4634557765352585	3.548387096774191e-06	2.4509876571799086e-05	0.0
0.4773987307429165	3.548387096774191e-06	2.436074381122201e-05	0.0
0.4913416849505745	3.548387096774191e-06	2.4426973577565246e-05	0.0
0.5052846391582325	3.548387096774191e-06	2.4089803857999675e-05	0.0
0.5192275933658905	3.548387096774191e-06	2.391705069124424e-05	0.0
0.5331705475735485	3.4562211981566834e-06	2.381886390477734e-05	0.0
0.5471135017812065	3.4562211981566834e-06	2.3729476877474933e-05	0.0
0.5610564559888646	3.4562211981566834e-06	2.364008985017252e-05	0.0
0.5749994101965226	3.4562211981566834e-06	2.354838709677419e-05	0.0
0.5889423644041806	3.4562211981566834e-06	2.345622119815668e-05	0.0
0.6028853186118386	3.4562211981566834e-06	2.3364055299539167e-05	0.0
0.6168282728194966	3.4562211981566834e-06	2.327188940092166e-05	0.0
0.6307712270271546	3.4562211981566834e-06	2.3220017136373105e-05	0.0
0.6447141812348126	3.4562211981566834e-06	2.3011601787740544e-05	0.0
0.6586571354424706	3.364055299539169e-06	2.290322580645161e-05	0.0
0.6726000896501286	3.364055299539169e-06	2.2718894009216586e-05	0.0
0.6865430438577866	3.364055299539169e-06	2.2559108908598288e-05	0.0
0.7004859980654446	3.364055299539169e-06	2.2572076974735427e-05	0.0
0.7144289522731027	3.364055299539169e-06	2.2196003056758445e-05	0.0
0.7283719064807607	3.2718894009216545e-06	2.2106616029456035e-05	0.0
0.7423148606884187	3.2718894009216545e-06	2.1981566820276498e-05	0.0
0.7562578148960767	3.2718894009216545e-06	2.1889400921658983e-05	0.0
0.7702007691037347	3.2718894009216545e-06	2.1797235023041476e-05	0.0
0.7841437233113927	3.2718894009216545e-06	2.1656902021628876e-05	0.0
0.7980866775190507	3.2718894009216545e-06	2.1567514994326466e-05	0.0
0.8120296317267087	3.2718894009216545e-06	2.152073732718894e-05	0.0
0.8259725859343667	3.2718894009216545e-06	2.1428571428571425e-05	0.0
0.8399155401420247	3.2718894009216545e-06	2.1336405529953917e-05	0.0
0.8538584943496828	3.2718894009216545e-06	2.1244239631336403e-05	0.0
0.8678014485573408	3.2718894009216545e-06	2.1334089803858e-05	0.0
0.8817444027649988	3.2718894009216545e-06	2.105990783410138e-05	0.0
0.8956873569726568	3.2718894009216545e-06	2.1033971701827105e-05	0.0
0.9096303111803148	3.2718894009216545e-06	2.0944584674524698e-05	0.0
0.9235732653879728	3.2718894009216545e-06	2.087557603686636e-05	0.0
0.9375162195956308	3.2718894009216545e-06	2.0783410138248844e-05	0.0
0.9514591738032888	3.2718894009216545e-06	2.0768589491234972e-05	0.0
0.9654021280109468	3.2718894009216545e-06	2.0691244239631336e-05	0.0
0.9793450822186048	3.2718894009216545e-06	2.0847787323715354e-05	0.0
0.9932880364262628	3.2718894009216545e-06	2.0599078341013822e-05	0.0
1.007230990633921	3.2718894009216545e-06	2.077229465298844e-05	0.0
1.0211739448415789	3.2718894009216545e-06	2.0506912442396314e-05	0.0
1.0351168990492368	3.2718894009216545e-06	2.0506912442396314e-05	0.0
1.0490598532568949	3.2718894009216545e-06	2.04147465437788e-05	0.0
1.063002807464553	3.2718894009216545e-06	2.04147465437788e-05	0.0
1.076945761672211	3.364055299539169e-06	2.0322580645161292e-05	0.0
1.0908887158798688	3.364055299539169e-06	2.0322580645161292e-05	0.0
1.104831670087527	3.364055299539169e-06	2.0322580645161292e-05	0.0
1.1187746242951848	3.364055299539169e-06	2.0230414746543778e-05	0.0
1.132717578502843	3.364055299539169e-06	2.0230414746543778e-05	0.0
1.146660532710501	3.364055299539169e-06	2.0230414746543778e-05	0.0
1.160603486918159	3.4562211981566834e-06	2.0230414746543778e-05	0.0
1.1745464411258169	3.4562211981566834e-06	2.0230414746543778e-05	0.0
1.188489395333475	3.4562211981566834e-06	2.0230414746543778e-05	0.0
1.202432349541133	3.4562211981566834e-06	2.0230414746543778e-05	0.0
1.216375303748791	3.548387096774191e-06	2.0230414746543778e-05	0.0
1.230318257956449	3.548387096774191e-06	2.0281823865873144e-05	0.0
1.244261212164107	3.548387096774191e-06	2.0322580645161292e-05	0.0
1.2582041663717651	3.6405529953917055e-06	2.04147465437788e-05	0.0
1.272147120579423	3.6405529953917055e-06	2.0457819049162867e-05	0.0
1.286090074787081	3.732718894009213e-06	2.0506912442396314e-05	0.0
1.300033028994739	3.732718894009213e-06	2.0599078341013822e-05	0.0
1.3139759832023972	3.824884792626728e-06	2.0691244239631336e-05	0.0
1.327918937410055	3.824884792626728e-06	2.0815367158372505e-05	0.0
1.341861891617713	3.917050691244235e-06	2.090475418567492e-05	0.0
1.355804845825371	4.00921658986175e-06	2.105990783410138e-05	0.0
1.3697478000330292	4.00921658986175e-06	2.1152073732718895e-05	0.0
1.383690754240687	4.101382488479264e-06	2.1306764235926183e-05	0.0
1.397633708448345	4.11944515202742e-06	2.1354468193502074e-05	0.0
1.4115766626560031	4.193548387096772e-06	2.167450153995786e-05	0.0
1.4255196168636612	4.285714285714286e-06	2.153324224810689e-05	0.0
1.4394625710713191	4.295440335317137e-06	2.170506912442396e-05	0.0
1.453405525278977	4.377880184331794e-06	2.1797235023041476e-05	0.0
1.4673484794866352	4.4700460829493084e-06	2.1901905842576932e-05	0.0
1.4812914336942933	4.474214389921962e-06	2.1981566820276498e-05	0.0
1.4952343879019512	4.562211981566816e-06	2.2073732718894006e-05	0.0
1.509177342109609	4.650209573211677e-06	2.2253896209156375e-05	0.0
1.5231202963172672	4.739596600514086e-06	2.2350230414746542e-05	0.0
1.5370632505249253	4.8289836278165015e-06	2.2534562211981564e-05	0.0
1.5510062047325832	4.9183706551189134e-06	2.2718894009216586e-05	0.0
1.5649491589402411	5.0077576824213194e-06	2.2887942014218552e-05	0.0
1.5788921131478992	5.097144709723736e-06	2.3291804645346556e-05	0.0
1.5928350673555574	5.186531737026147e-06	2.3465020957321185e-05	0.0
1.6067780215632153	5.275918764328554e-06	2.3432600791978326e-05	0.0
1.6207209757708732	5.365305791630961e-06	2.3614153717898244e-05	0.0
1.6346639299785313	5.580668318551284e-06	2.3732718894009218e-05	0.0
1.6486068841861894	5.4838709677419335e-06	2.3885093671120583e-05	0.0
1.6625498383938473	5.576036866359448e-06	2.3974480698422993e-05	0.0
1.6764927926015052	5.668202764976956e-06	2.4265335896070218e-05	0.0
1.6904357468091633	5.76036866359447e-06	2.43663015538522e-05	0.0
1.7043787010168214	5.809462056827922e-06	2.43778801843318e-05	0.0
1.7183216552244793	5.852534562211978e-06	2.4470046082949307e-05	0.0
1.7322646094321372	5.944700460829492e-06	2.460574763217007e-05	0.0
1.7462075636397953	6.036866359447e-06	2.4746543778801843e-05	0.0
1.7601505178474535	6.129032258064514e-06	2.5039251557325784e-05	0.0
1.7740934720551114	6.221198156682029e-06	2.5128638584628224e-05	0.0
1.7880364262627693	6.313364055299536e-06	2.532686473843873e-05	0.0
1.8019793804704274	6.343005349327285e-06	2.529953917050691e-05	0.0
1.8159223346780855	6.405529953917051e-06	2.5391705069124424e-05	0.0
1.8298652888857434	6.4976958525345585e-06	2.5556121621934567e-05	0.0
1.8438082430934013	6.589861751152073e-06	2.5576036866359446e-05	0.0
1.8577511973010594	6.6083875599194166e-06	2.5668202764976954e-05	0.0
1.8716941515087175	6.682027649769581e-06	2.5760368663594468e-05	0.0
1.8856371057163754	6.774193548387095e-06	2.5852534562211983e-05	0.0
1.8995800599240333	6.784382743209136e-06	2.594470046082949e-05	0.0
1.9135230141316915	6.8663594470046095e-06	2.6036866359447005e-05	0.0
1.9274659683393496	6.958525345622117e-06	2.6041497811638842e-05	0.0
1.9414089225470075	6.958525345622117e-06	2.6221198156682027e-05	0.0
1.9553518767546654	7.050691244239632e-06	2.6312437764861167e-05	0.0
1.9692948309623235	7.050691244239632e-06	2.640552995391705e-05	0.0
1.9832377851699816	7.142857142857139e-06	2.6754741449181398e-05	0.0
1.9971807393776395	7.235023041474654e-06	2.667276474538592e-05	0.0
2.011123693585297	7.235023041474654e-06	2.676215177268832e-05	0.0
2.0250666477929555	7.3271889400921614e-06	2.6943704698608247e-05	0.0
2.039009602000614	7.419354838709676e-06	2.705069124423963e-05	0.0
2.0529525562082718	7.51152073732719e-06	2.7430007178750924e-05	0.0
2.0668955104159297	7.603686635944698e-06	2.7396197577750506e-05	0.0
2.0808384646235876	7.695852534562212e-06	2.765555890049324e-05	0.0
2.0947814188312455	7.759303429590347e-06	2.775930342959035e-05	0.0
2.1087243730389034	7.848690456892756e-06	2.7880184331797233e-05	0.0
2.1226673272465613	7.880184331797235e-06	2.8064516129032255e-05	0.0
2.136610281454219	7.972350230414742e-06	2.8211796308732595e-05	0.0
2.150553235661878	8.064516129032257e-06	2.8393349234652537e-05	0.0
2.164496189869536	8.156682027649771e-06	2.8617511520737328e-05	0.0
2.1784391440771937	8.248847926267279e-06	2.8848620985109887e-05	0.0
2.1923820982848516	8.341013824884793e-06	2.9398837505499852e-05	0.0
2.2063250524925095	8.433179723502301e-06	2.9345112660074572e-05	0.0
2.2202680067001674	8.563786675312043e-06	2.9669777458722184e-05	0.0
2.2342109609078253	8.822684852835606e-06	2.9943496283259616e-05	0.0
2.2481539151154832	8.801843317972345e-06	3.0217215107797042e-05	0.0
2.262096869323142	8.89400921658986e-06	3.0581247250075303e-05	0.0
2.2760398235308	8.921334784521694e-06	3.0672486858254416e-05	0.0
2.289982777738458	8.986175115207374e-06	3.0921658986175115e-05	0.0
2.3039257319461157	8.986175115207374e-06	3.110599078341014e-05	0.0
2.3178686861537736	9.078341013824882e-06	3.1217145636014176e-05	0.0
2.3318116403614315	9.078341013824882e-06	3.143111872727694e-05	0.0
2.3457545945690894	9.078341013824882e-06	3.1488085589236505e-05	0.0
2.3596975487767473	8.986175115207374e-06	3.182201329226781e-05	0.0
2.373640502984406	8.986175115207374e-06	3.166685964384133e-05	0.0
2.387583457192064	8.89400921658986e-06	3.175115207373272e-05	0.0
2.401526411399722	8.89169349049394e-06	3.184331797235023e-05	0.0
2.41546936560738	8.98524882476901e-06	3.184331797235023e-05	0.0
2.4294123198150377	8.627237570340178e-06	3.1754394090267006e-05	0.0
2.4433552740226956	8.433179723502301e-06	3.175115207373272e-05	0.0
2.4572982282303535	8.165481786814261e-06	3.182571845402125e-05	0.0
2.4712411824380114	7.891762962276827e-06	3.150939026931896e-05	0.0
2.48518413664567	7.986707732209422e-06	3.121251418382233e-05	0.0
2.499127090853328	7.712988907671993e-06	3.09387953592849e-05	0.0
2.513070045060986	6.998355834471885e-06	3.103374012921751e-05	0.0
2.527012999268644	6.726026445591993e-06	3.029919181159252e-05	0.0
2.5409559534763018	6.246671143737117e-06	3.0200078734687267e-05	0.0
2.5548989076839597	5.72470648171734e-06	2.9702660769284206e-05	0.0
2.5688418618916176	5.269434731259986e-06	2.880276960841072e-05	0.0
2.5827848160992755	4.6636407845680095e-06	2.8224301229650564e-05	0.0
2.5967277703069342	4.082393534492715e-06	2.7973739666072354e-05	0.0
2.610670724514592	3.7183613922144403e-06	2.731468401917426e-05	0.0
2.62461367872225	2.711020540490453e-06	2.6550494407521398e-05	0.0
2.638556632929908	2.2914109719101766e-06	2.5904406826760557e-05	0.0
2.652499587137566	1.9403468957691536e-06	2.47053238542945e-05	0.0
2.6664425413452237	3.818632332167667e-07	2.3884167380682204e-05	0.0
2.6803854955528816	0.0	2.341314869277262e-05	0.0
2.6943284497605395	0.0	2.2149688534840113e-05	0.0
2.7082714039681983	0.0	2.162865016325875e-05	0.0
2.722214358175856	0.0	2.059954148623298e-05	0.0
2.736157312383514	0.0	2.0329990968668128e-05	0.0
2.750100266591172	0.0	1.9436583840863203e-05	0.0
2.76404322079883	0.0	1.7147720167658544e-05	0.0
2.777986175006488	0.0	1.5710117407313096e-05	0.0
2.7919291292141457	0.0	1.3092420628488054e-05	0.0
2.8058720834218036	0.0	1.0690549521802639e-05	0.0
2.8198150376294624	0.0	8.056642660306072e-06	0.0
2.8337579918371203	0.0	5.501007340851673e-06	0.0
2.847700946044778	0.0	3.1009888150430282e-06	0.0
2.861643900252436	0.0	4.675450987657469e-07	0.0
2.875586854460094	0.0	4.147465437787947e-07	0.0
