0.0	0.0	6.999999999999997e-07
0.002469135802469158	0.002469135802469158	6.999999999999997e-07
0.00493827160493826	0.00493827160493826	6.999999999999997e-07
0.007407407407407418	0.007407407407407418	6.999999999999997e-07
0.00987654320987652	0.00987654320987652	6.999999999999997e-07
0.012345679012345678	0.012345679012345678	6.928571428571426e-07
0.014814814814814836	0.014814814814814836	6.928571428571426e-07
0.01728395061728394	0.01728395061728394	6.928571428571426e-07
0.019753086419753096	0.019753086419753096	6.928571428571426e-07
0.0222222222222222	0.0222222222222222	6.928571428571426e-07
0.024691358024691357	0.024691358024691357	6.999999999999997e-07
0.027160493827160515	0.027160493827160515	6.999999999999997e-07
0.029629629629629617	0.029629629629629617	6.999999999999997e-07
0.032098765432098775	0.032098765432098775	6.999999999999997e-07
0.03456790123456788	0.03456790123456788	6.999999999999997e-07
0.037037037037037035	0.037037037037037035	6.999999999999997e-07
0.03950617283950619	0.03950617283950619	6.999999999999997e-07
0.041975308641975295	0.041975308641975295	6.999999999999997e-07
0.04444444444444445	0.04444444444444445	7.071428571428571e-07
0.046913580246913555	0.046913580246913555	7.071428571428571e-07
0.04938271604938271	0.04938271604938271	7.071428571428571e-07
0.05185185185185187	0.05185185185185187	7.071428571428571e-07
0.054320987654320974	0.054320987654320974	7.071428571428571e-07
0.05679012345679013	0.05679012345679013	7.071428571428571e-07
0.05925925925925929	0.05925925925925929	7.142857142857141e-07
0.06172839506172839	0.06172839506172839	7.142857142857141e-07
0.06419753086419755	0.06419753086419755	7.142857142857141e-07
0.06666666666666665	0.06666666666666665	7.142857142857141e-07
0.06913580246913581	0.06913580246913581	7.214285714285711e-07
0.07160493827160497	0.07160493827160497	7.142857142857141e-07
0.07407407407407407	0.07407407407407407	7.142857142857141e-07
0.07654320987654323	0.07654320987654323	7.142857142857141e-07
0.07901234567901233	0.07901234567901233	7.142857142857141e-07
0.08148148148148149	0.08148148148148149	7.142857142857141e-07
0.08395061728395065	0.08395061728395065	7.142857142857141e-07
0.08641975308641975	0.08641975308641975	7.214285714285711e-07
0.0888888888888889	0.0888888888888889	7.214285714285711e-07
0.09135802469135801	0.09135802469135801	7.285714285714286e-07
0.09382716049382717	0.09382716049382717	7.285714285714286e-07
0.09629629629629632	0.09629629629629632	7.357142857142856e-07
0.09876543209876543	0.09876543209876543	7.357142857142856e-07
0.10123456790123458	0.10123456790123458	7.357142857142856e-07
0.10370370370370369	0.10370370370370369	7.357142857142856e-07
0.10617283950617284	0.10617283950617284	7.357142857142856e-07
0.108641975308642	0.108641975308642	7.357142857142856e-07
0.1111111111111111	0.1111111111111111	7.357142857142856e-07
0.11358024691358021	0.11358024691358021	7.357142857142856e-07
0.11604938271604942	0.11604938271604942	7.357142857142856e-07
0.11851851851851852	0.11851851851851852	7.357142857142856e-07
0.12098765432098763	0.12098765432098763	7.357142857142856e-07
0.12345679012345684	0.12345679012345684	7.357142857142856e-07
0.12592592592592594	0.12592592592592594	7.428571428571426e-07
0.12839506172839504	0.12839506172839504	7.428571428571426e-07
0.13086419753086426	0.13086419753086426	7.499999999999996e-07
0.13333333333333336	0.13333333333333336	7.499999999999996e-07
0.13580246913580246	0.13580246913580246	7.499999999999996e-07
0.13827160493827167	0.13827160493827167	7.499999999999996e-07
0.14074074074074078	0.14074074074074078	7.499999999999996e-07
0.14320987654320988	0.14320987654320988	7.57142857142857e-07
0.14567901234567898	0.14567901234567898	7.57142857142857e-07
0.1481481481481482	0.1481481481481482	7.57142857142857e-07
0.1506172839506173	0.1506172839506173	7.64285714285714e-07
0.1530864197530864	0.1530864197530864	7.64285714285714e-07
0.1555555555555556	0.1555555555555556	7.714285714285711e-07
0.15802469135802472	0.15802469135802472	7.714285714285711e-07
0.16049382716049382	0.16049382716049382	7.714285714285711e-07
0.16296296296296303	0.16296296296296303	7.714285714285711e-07
0.16543209876543213	0.16543209876543213	7.714285714285711e-07
0.16790123456790124	0.16790123456790124	7.714285714285711e-07
0.17037037037037034	0.17037037037037034	7.714285714285711e-07
0.17283950617283955	0.17283950617283955	7.785714285714285e-07
0.17530864197530865	0.17530864197530865	7.785714285714285e-07
0.17777777777777776	0.17777777777777776	7.857142857142855e-07
0.18024691358024697	0.18024691358024697	7.857142857142855e-07
0.18271604938271607	0.18271604938271607	7.928571428571425e-07
0.18518518518518517	0.18518518518518517	7.928571428571425e-07
0.1876543209876544	0.1876543209876544	7.928571428571425e-07
0.1901234567901235	0.1901234567901235	7.928571428571425e-07
0.1925925925925926	0.1925925925925926	8e-07
0.1950617283950618	0.1950617283950618	8e-07
0.1975308641975309	0.1975308641975309	8e-07
0.2	0.2	8.07142857142857e-07
0.2024691358024691	0.2024691358024691	8.07142857142857e-07
0.20493827160493833	0.20493827160493833	8.07142857142857e-07
0.20740740740740743	0.20740740740740743	8.14285714285714e-07
0.20987654320987653	0.20987654320987653	8.14285714285714e-07
0.21234567901234574	0.21234567901234574	8.14285714285714e-07
0.21481481481481485	0.21481481481481485	8.214285714285714e-07
0.21728395061728395	0.21728395061728395	8.285714285714284e-07
0.21975308641975316	0.21975308641975316	8.285714285714284e-07
0.22222222222222227	0.22222222222222227	8.285714285714284e-07
0.22469135802469137	0.22469135802469137	8.357142857142855e-07
0.22716049382716047	0.22716049382716047	8.357142857142855e-07
0.22962962962962968	0.22962962962962968	8.357142857142855e-07
0.23209876543209879	0.23209876543209879	8.428571428571425e-07
0.2345679012345679	0.2345679012345679	8.428571428571425e-07
0.2370370370370371	0.2370370370370371	8.428571428571425e-07
0.2395061728395062	0.2395061728395062	8.499999999999999e-07
0.2419753086419753	0.2419753086419753	8.571428571428569e-07
0.24444444444444452	0.24444444444444452	8.571428571428569e-07
0.24691358024691362	0.24691358024691362	8.642857142857139e-07
0.24938271604938272	0.24938271604938272	8.642857142857139e-07
0.25185185185185194	0.25185185185185194	8.714285714285714e-07
0.25432098765432104	0.25432098765432104	8.785714285714284e-07
0.25679012345679014	0.25679012345679014	8.785714285714284e-07
0.25925925925925924	0.25925925925925924	8.857142857142854e-07
0.26172839506172846	0.26172839506172846	8.857142857142854e-07
0.26419753086419756	0.26419753086419756	8.928571428571428e-07
0.26666666666666666	0.26666666666666666	8.928571428571428e-07
0.2691358024691359	0.2691358024691359	8.999999999999999e-07
0.271604938271605	0.271604938271605	8.999999999999999e-07
0.2740740740740741	0.2740740740740741	8.999999999999999e-07
0.2765432098765433	0.2765432098765433	9.071428571428569e-07
0.2790123456790124	0.2790123456790124	9.071428571428569e-07
0.2814814814814815	0.2814814814814815	9.142857142857143e-07
0.2839506172839506	0.2839506172839506	9.214285714285713e-07
0.2864197530864198	0.2864197530864198	9.285714285714283e-07
0.2888888888888889	0.2888888888888889	9.285714285714283e-07
0.291358024691358	0.291358024691358	9.357142857142853e-07
0.29382716049382723	0.29382716049382723	9.357142857142853e-07
0.29629629629629634	0.29629629629629634	9.357142857142853e-07
0.29876543209876544	0.29876543209876544	9.428571428571428e-07
0.30123456790123465	0.30123456790123465	9.428571428571428e-07
0.30370370370370375	0.30370370370370375	9.499999999999998e-07
0.30617283950617286	0.30617283950617286	9.571428571428568e-07
0.30864197530864207	0.30864197530864207	9.642857142857142e-07
0.31111111111111117	0.31111111111111117	9.642857142857142e-07
0.3135802469135803	0.3135802469135803	9.714285714285713e-07
0.3160493827160494	0.3160493827160494	9.714285714285713e-07
0.3185185185185186	0.3185185185185186	9.785714285714283e-07
0.3209876543209877	0.3209876543209877	9.785714285714283e-07
0.3234567901234568	0.3234567901234568	9.785714285714283e-07
0.325925925925926	0.325925925925926	9.857142857142857e-07
0.3283950617283951	0.3283950617283951	9.857142857142857e-07
0.3308641975308642	0.3308641975308642	9.928571428571427e-07
0.3333333333333334	0.3333333333333334	9.928571428571427e-07
0.33580246913580253	0.33580246913580253	9.999999999999997e-07
0.33827160493827163	0.33827160493827163	1.0071428571428572e-06
0.34074074074074073	0.34074074074074073	1.0142857142857142e-06
0.34320987654320995	0.34320987654320995	1.0142857142857142e-06
0.34567901234567905	0.34567901234567905	1.0214285714285712e-06
0.34814814814814815	0.34814814814814815	1.0285714285714284e-06
0.35061728395061736	0.35061728395061736	1.0285714285714284e-06
0.35308641975308647	0.35308641975308647	1.0357142857142854e-06
0.35555555555555557	0.35555555555555557	1.0357142857142854e-06
0.3580246913580248	0.3580246913580248	1.0428571428571427e-06
0.3604938271604939	0.3604938271604939	1.0428571428571427e-06
0.362962962962963	0.362962962962963	1.05e-06
0.3654320987654322	0.3654320987654322	1.057142857142857e-06
0.3679012345679013	0.3679012345679013	1.0642857142857141e-06
0.3703703703703704	0.3703703703703704	1.0642857142857141e-06
0.3728395061728395	0.3728395061728395	1.0714285714285714e-06
0.3753086419753087	0.3753086419753087	1.0714285714285714e-06
0.3777777777777778	0.3777777777777778	1.0785714285714284e-06
0.3802469135802469	0.3802469135802469	1.0785714285714284e-06
0.38271604938271614	0.38271604938271614	1.0857142857142856e-06
0.38518518518518524	0.38518518518518524	1.0928571428571426e-06
0.38765432098765434	0.38765432098765434	1.0928571428571426e-06
0.39012345679012356	0.39012345679012356	1.0999999999999998e-06
0.39259259259259266	0.39259259259259266	1.0999999999999998e-06
0.39506172839506176	0.39506172839506176	1.107142857142857e-06
0.397530864197531	0.397530864197531	1.107142857142857e-06
0.4000000000000001	0.4000000000000001	1.114285714285714e-06
0.4024691358024692	0.4024691358024692	1.1214285714285713e-06
0.4049382716049383	0.4049382716049383	1.1214285714285713e-06
0.4074074074074075	0.4074074074074075	1.1285714285714283e-06
0.4098765432098766	0.4098765432098766	1.1357142857142855e-06
0.4123456790123457	0.4123456790123457	1.1357142857142855e-06
0.4148148148148149	0.4148148148148149	1.1428571428571428e-06
0.417283950617284	0.417283950617284	1.1428571428571428e-06
0.4197530864197531	0.4197530864197531	1.1499999999999998e-06
0.42222222222222233	0.42222222222222233	1.157142857142857e-06
0.42469135802469143	0.42469135802469143	1.1642857142857142e-06
0.42716049382716054	0.42716049382716054	1.1714285714285713e-06
0.42962962962962964	0.42962962962962964	1.1714285714285713e-06
0.43209876543209885	0.43209876543209885	1.1714285714285713e-06
0.43456790123456795	0.43456790123456795	1.1714285714285713e-06
0.43703703703703706	0.43703703703703706	1.1714285714285713e-06
0.43950617283950627	0.43950617283950627	1.1714285714285713e-06
0.4419753086419754	0.4419753086419754	1.1785714285714285e-06
0.4444444444444445	0.4444444444444445	1.1785714285714285e-06
0.4469135802469137	0.4469135802469137	1.1857142857142855e-06
0.4493827160493828	0.4493827160493828	1.1857142857142855e-06
0.4518518518518519	0.4518518518518519	1.1928571428571427e-06
0.4543209876543211	0.4543209876543211	1.1928571428571427e-06
0.4567901234567902	0.4567901234567902	1.2e-06
0.4592592592592593	0.4592592592592593	1.207142857142857e-06
0.4617283950617284	0.4617283950617284	1.207142857142857e-06
0.4641975308641976	0.4641975308641976	1.2142857142857142e-06
0.46666666666666673	0.46666666666666673	1.2214285714285712e-06
0.46913580246913583	0.46913580246913583	1.2214285714285712e-06
0.47160493827160505	0.47160493827160505	1.2285714285714284e-06
0.47407407407407415	0.47407407407407415	1.2214285714285712e-06
0.47654320987654325	0.47654320987654325	1.2214285714285712e-06
0.47901234567901246	0.47901234567901246	1.2214285714285712e-06
0.48148148148148157	0.48148148148148157	1.2214285714285712e-06
0.48395061728395067	0.48395061728395067	1.2285714285714284e-06
0.48641975308641977	0.48641975308641977	1.2285714285714284e-06
0.488888888888889	0.488888888888889	1.2357142857142857e-06
0.4913580246913581	0.4913580246913581	1.2357142857142857e-06
0.4938271604938272	0.4938271604938272	1.2357142857142857e-06
0.4962962962962964	0.4962962962962964	1.2357142857142857e-06
0.4987654320987655	0.4987654320987655	1.2357142857142857e-06
0.5012345679012347	0.5012345679012347	1.2357142857142857e-06
0.5037037037037038	0.5037037037037038	1.2357142857142857e-06
0.5061728395061729	0.5061728395061729	1.2357142857142857e-06
0.508641975308642	0.508641975308642	1.2428571428571427e-06
0.5111111111111113	0.5111111111111113	1.2428571428571427e-06
0.5135802469135804	0.5135802469135804	1.2428571428571427e-06
0.5160493827160495	0.5160493827160495	1.2428571428571427e-06
0.5185185185185186	0.5185185185185186	1.2499999999999999e-06
0.5209876543209877	0.5209876543209877	1.2499999999999999e-06
0.5234567901234568	0.5234567901234568	1.2499999999999999e-06
0.5259259259259259	0.5259259259259259	1.2499999999999999e-06
0.5283950617283952	0.5283950617283952	1.2428571428571427e-06
0.5308641975308643	0.5308641975308643	1.2428571428571427e-06
0.5333333333333334	0.5333333333333334	1.2357142857142857e-06
0.5358024691358025	0.5358024691358025	1.2285714285714284e-06
0.5382716049382716	0.5382716049382716	1.2214285714285712e-06
0.5407407407407407	0.5407407407407407	1.2142857142857142e-06
0.5432098765432098	0.5432098765432098	1.2142857142857142e-06
0.5456790123456792	0.5456790123456792	1.2142857142857142e-06
0.5481481481481483	0.5481481481481483	1.2142857142857142e-06
0.5506172839506174	0.5506172839506174	1.207142857142857e-06
0.5530864197530865	0.5530864197530865	1.207142857142857e-06
0.5555555555555556	0.5555555555555556	1.2e-06
0.5580246913580247	0.5580246913580247	1.1928571428571427e-06
0.560493827160494	0.560493827160494	1.1928571428571427e-06
0.5629629629629631	0.5629629629629631	1.1857142857142855e-06
0.5654320987654322	0.5654320987654322	1.1857142857142855e-06
0.5679012345679013	0.5679012345679013	1.1785714285714285e-06
0.5703703703703704	0.5703703703703704	1.1714285714285713e-06
0.5728395061728395	0.5728395061728395	1.1642857142857142e-06
0.5753086419753086	0.5753086419753086	1.157142857142857e-06
0.577777777777778	0.577777777777778	1.1499999999999998e-06
0.580246913580247	0.580246913580247	1.1428571428571428e-06
0.5827160493827162	0.5827160493827162	1.1428571428571428e-06
0.5851851851851853	0.5851851851851853	1.1428571428571428e-06
0.5876543209876544	0.5876543209876544	1.1357142857142855e-06
0.5901234567901235	0.5901234567901235	1.1357142857142855e-06
0.5925925925925928	0.5925925925925928	1.1285714285714283e-06
0.5950617283950619	0.5950617283950619	1.114285714285714e-06
0.597530864197531	0.597530864197531	1.107142857142857e-06
0.6000000000000001	0.6000000000000001	1.0999999999999998e-06
0.6024691358024692	0.6024691358024692	1.0928571428571426e-06
0.6049382716049383	0.6049382716049383	1.0857142857142856e-06
0.6074074074074076	0.6074074074074076	1.0857142857142856e-06
0.6098765432098767	0.6098765432098767	1.0785714285714284e-06
0.6123456790123458	0.6123456790123458	1.0714285714285714e-06
0.6148148148148149	0.6148148148148149	1.057142857142857e-06
0.617283950617284	0.617283950617284	1.05e-06
0.6197530864197531	0.6197530864197531	1.0428571428571427e-06
0.6222222222222225	0.6222222222222225	1.0428571428571427e-06
0.6246913580246916	0.6246913580246916	1.0428571428571427e-06
0.6271604938271607	0.6271604938271607	1.0357142857142854e-06
0.6296296296296298	0.6296296296296298	1.0357142857142854e-06
0.6320987654320989	0.6320987654320989	1.0357142857142854e-06
0.634567901234568	0.634567901234568	1.0142857142857142e-06
0.6370370370370373	0.6370370370370373	1.0142857142857142e-06
0.6395061728395064	0.6395061728395064	9.928571428571427e-07
0.6419753086419755	0.6419753086419755	9.857142857142857e-07
0.6444444444444446	0.6444444444444446	9.857142857142857e-07
0.6469135802469137	0.6469135802469137	9.785714285714283e-07
0.6493827160493828	0.6493827160493828	9.714285714285713e-07
0.6518518518518519	0.6518518518518519	9.642857142857142e-07
0.6543209876543212	0.6543209876543212	9.499999999999998e-07
0.6567901234567903	0.6567901234567903	9.428571428571428e-07
0.6592592592592594	0.6592592592592594	9.285714285714283e-07
0.6617283950617285	0.6617283950617285	9.285714285714283e-07
0.6641975308641976	0.6641975308641976	9.214285714285713e-07
0.6666666666666667	0.6666666666666667	9.142857142857143e-07
0.6691358024691361	0.6691358024691361	8.999999999999999e-07
0.6716049382716052	0.6716049382716052	8.928571428571428e-07
0.6740740740740743	0.6740740740740743	8.857142857142854e-07
0.6765432098765434	0.6765432098765434	8.785714285714284e-07
0.6790123456790125	0.6790123456790125	8.714285714285714e-07
0.6814814814814816	0.6814814814814816	8.642857142857139e-07
0.6839506172839507	0.6839506172839507	8.499999999999999e-07
0.68641975308642	0.68641975308642	8.428571428571425e-07
0.6888888888888891	0.6888888888888891	8.357142857142855e-07
0.6913580246913582	0.6913580246913582	8.285714285714284e-07
0.6938271604938273	0.6938271604938273	8.285714285714284e-07
0.6962962962962964	0.6962962962962964	8.214285714285714e-07
0.6987654320987655	0.6987654320987655	8.14285714285714e-07
0.7012345679012346	0.7012345679012346	8.14285714285714e-07
0.7037037037037039	0.7037037037037039	8.07142857142857e-07
0.706172839506173	0.706172839506173	8e-07
0.7086419753086421	0.7086419753086421	8e-07
0.7111111111111112	0.7111111111111112	7.928571428571425e-07
0.7135802469135804	0.7135802469135804	7.785714285714285e-07
0.7160493827160495	0.7160493827160495	7.785714285714285e-07
0.7185185185185188	0.7185185185185188	7.64285714285714e-07
0.7209876543209879	0.7209876543209879	7.57142857142857e-07
0.723456790123457	0.723456790123457	7.499999999999996e-07
0.7259259259259261	0.7259259259259261	7.428571428571426e-07
0.7283950617283952	0.7283950617283952	7.357142857142856e-07
0.7308641975308643	0.7308641975308643	7.285714285714286e-07
0.7333333333333334	0.7333333333333334	7.214285714285711e-07
0.7358024691358027	0.7358024691358027	7.214285714285711e-07
0.7382716049382718	0.7382716049382718	7.142857142857141e-07
0.7407407407407409	0.7407407407407409	7.142857142857141e-07
0.74320987654321	0.74320987654321	7.142857142857141e-07
0.7456790123456791	0.7456790123456791	7.071428571428571e-07
0.7481481481481482	0.7481481481481482	6.999999999999997e-07
0.7506172839506176	0.7506172839506176	6.999999999999997e-07
0.7530864197530867	0.7530864197530867	6.928571428571426e-07
0.7555555555555558	0.7555555555555558	6.857142857142856e-07
0.7580246913580249	0.7580246913580249	6.785714285714282e-07
0.760493827160494	0.760493827160494	6.785714285714282e-07
0.7629629629629631	0.7629629629629631	6.714285714285712e-07
0.7654320987654322	0.7654320987654322	6.642857142857142e-07
0.7679012345679015	0.7679012345679015	6.571428571428567e-07
0.7703703703703706	0.7703703703703706	6.571428571428567e-07
0.7728395061728397	0.7728395061728397	6.428571428571427e-07
0.7753086419753088	0.7753086419753088	6.428571428571427e-07
0.7777777777777779	0.7777777777777779	6.357142857142857e-07
0.780246913580247	0.780246913580247	6.285714285714282e-07
0.7827160493827163	0.7827160493827163	6.214285714285712e-07
0.7851851851851854	0.7851851851851854	6.142857142857142e-07
0.7876543209876545	0.7876543209876545	6.142857142857142e-07
0.7901234567901236	0.7901234567901236	6.071428571428568e-07
0.7925925925925927	0.7925925925925927	5.999999999999998e-07
0.7950617283950618	0.7950617283950618	5.999999999999998e-07
0.7975308641975309	0.7975308641975309	5.857142857142853e-07
0.8000000000000003	0.8000000000000003	5.857142857142853e-07
0.8024691358024694	0.8024691358024694	5.785714285714283e-07
0.8049382716049385	0.8049382716049385	5.714285714285713e-07
0.8074074074074076	0.8074074074074076	5.642857142857143e-07
0.8098765432098767	0.8098765432098767	5.642857142857143e-07
0.8123456790123458	0.8123456790123458	5.571428571428568e-07
0.8148148148148149	0.8148148148148149	5.499999999999998e-07
0.8172839506172842	0.8172839506172842	5.428571428571428e-07
0.8197530864197533	0.8197530864197533	5.428571428571428e-07
0.8222222222222224	0.8222222222222224	5.357142857142854e-07
0.8246913580246915	0.8246913580246915	5.357142857142854e-07
0.8271604938271606	0.8271604938271606	5.285714285714284e-07
0.8296296296296297	0.8296296296296297	5.214285714285713e-07
0.832098765432099	0.832098765432099	5.214285714285713e-07
0.8345679012345681	0.8345679012345681	5.142857142857139e-07
0.8370370370370372	0.8370370370370372	5.142857142857139e-07
0.8395061728395063	0.8395061728395063	5.071428571428569e-07
0.8419753086419755	0.8419753086419755	5.071428571428569e-07
0.8444444444444446	0.8444444444444446	5.071428571428569e-07
0.8469135802469137	0.8469135802469137	4.999999999999999e-07
0.849382716049383	0.849382716049383	4.999999999999999e-07
0.8518518518518521	0.8518518518518521	4.999999999999999e-07
0.8543209876543212	0.8543209876543212	4.928571428571424e-07
0.8567901234567903	0.8567901234567903	4.928571428571424e-07
0.8592592592592594	0.8592592592592594	4.857142857142854e-07
0.8617283950617285	0.8617283950617285	4.857142857142854e-07
0.8641975308641978	0.8641975308641978	4.785714285714284e-07
0.8666666666666669	0.8666666666666669	4.785714285714284e-07
0.869135802469136	0.869135802469136	4.785714285714284e-07
0.8716049382716051	0.8716049382716051	4.785714285714284e-07
0.8740740740740742	0.8740740740740742	4.785714285714284e-07
0.8765432098765433	0.8765432098765433	4.714285714285714e-07
0.8790123456790124	0.8790123456790124	4.714285714285714e-07
0.8814814814814818	0.8814814814814818	4.714285714285714e-07
0.8839506172839509	0.8839506172839509	4.714285714285714e-07
0.88641975308642	0.88641975308642	4.6428571428571395e-07
0.8888888888888891	0.8888888888888891	4.6428571428571395e-07
0.8913580246913582	0.8913580246913582	4.5714285714285694e-07
0.8938271604938273	0.8938271604938273	4.5714285714285694e-07
0.8962962962962966	0.8962962962962966	4.5714285714285694e-07
0.8987654320987657	0.8987654320987657	4.5714285714285694e-07
0.9012345679012348	0.9012345679012348	4.4999999999999993e-07
0.9037037037037039	0.9037037037037039	4.4999999999999993e-07
0.906172839506173	0.906172839506173	4.4999999999999993e-07
0.9086419753086421	0.9086419753086421	4.4999999999999993e-07
0.9111111111111112	0.9111111111111112	4.428571428571425e-07
0.9135802469135805	0.9135802469135805	4.428571428571425e-07
0.9160493827160496	0.9160493827160496	4.357142857142855e-07
0.9185185185185187	0.9185185185185187	4.357142857142855e-07
0.9209876543209878	0.9209876543209878	4.357142857142855e-07
0.9234567901234569	0.9234567901234569	4.357142857142855e-07
0.925925925925926	0.925925925925926	4.2857142857142846e-07
0.9283950617283954	0.9283950617283954	4.2857142857142846e-07
0.9308641975308645	0.9308641975308645	4.2857142857142846e-07
0.9333333333333336	0.9333333333333336	4.2857142857142846e-07
0.9358024691358027	0.9358024691358027	4.21428571428571e-07
0.9382716049382718	0.9382716049382718	4.21428571428571e-07
0.9407407407407409	0.9407407407407409	4.21428571428571e-07
0.94320987654321	0.94320987654321	4.14285714285714e-07
0.9456790123456793	0.9456790123456793	4.14285714285714e-07
0.9481481481481484	0.9481481481481484	4.14285714285714e-07
0.9506172839506175	0.9506172839506175	4.07142857142857e-07
0.9530864197530866	0.9530864197530866	4.07142857142857e-07
0.9555555555555557	0.9555555555555557	4.07142857142857e-07
0.9580246913580248	0.9580246913580248	4.07142857142857e-07
0.9604938271604939	0.9604938271604939	3.9999999999999956e-07
0.9629629629629632	0.9629629629629632	3.9999999999999956e-07
0.9654320987654323	0.9654320987654323	3.9285714285714254e-07
0.9679012345679014	0.9679012345679014	3.8571428571428553e-07
0.9703703703703705	0.9703703703703705	3.8571428571428553e-07
0.9728395061728397	0.9728395061728397	3.785714285714285e-07
0.9753086419753088	0.9753086419753088	3.785714285714285e-07
0.9777777777777781	0.9777777777777781	3.785714285714285e-07
0.9802469135802472	0.9802469135802472	3.714285714285711e-07
0.9827160493827163	0.9827160493827163	3.714285714285711e-07
0.9851851851851854	0.9851851851851854	3.6428571428571407e-07
0.9876543209876545	0.9876543209876545	3.6428571428571407e-07
0.9901234567901236	0.9901234567901236	3.5714285714285705e-07
0.9925925925925927	0.9925925925925927	3.499999999999996e-07
0.995061728395062	0.995061728395062	3.499999999999996e-07
0.9975308641975311	0.9975308641975311	3.428571428571426e-07
1.0000000000000002	1.0000000000000002	3.428571428571426e-07
1.0024691358024693	1.0024691358024693	3.357142857142856e-07
1.0049382716049384	1.0049382716049384	3.357142857142856e-07
1.0074074074074075	1.0074074074074075	3.357142857142856e-07
1.0098765432098769	1.0098765432098769	3.2857142857142815e-07
1.012345679012346	1.012345679012346	3.2857142857142815e-07
1.014814814814815	1.014814814814815	3.2142857142857113e-07
1.0172839506172842	1.0172839506172842	3.2142857142857113e-07
1.0197530864197533	1.0197530864197533	3.2142857142857113e-07
1.0222222222222224	1.0222222222222224	3.142857142857141e-07
1.0246913580246915	1.0246913580246915	3.142857142857141e-07
1.0271604938271608	1.0271604938271608	3.142857142857141e-07
1.02962962962963	1.02962962962963	3.142857142857141e-07
1.032098765432099	1.032098765432099	3.142857142857141e-07
1.034567901234568	1.034567901234568	3.142857142857141e-07
1.0370370370370372	1.0370370370370372	3.142857142857141e-07
1.0395061728395063	1.0395061728395063	3.071428571428567e-07
1.0419753086419756	1.0419753086419756	3.071428571428567e-07
1.0444444444444447	1.0444444444444447	3.071428571428567e-07
1.0469135802469138	1.0469135802469138	3.071428571428567e-07
1.049382716049383	1.049382716049383	3.071428571428567e-07
1.051851851851852	1.051851851851852	3.071428571428567e-07
1.0543209876543211	1.0543209876543211	3.071428571428567e-07
1.0567901234567902	1.0567901234567902	3.071428571428567e-07
1.0592592592592596	1.0592592592592596	3.071428571428567e-07
1.0617283950617287	1.0617283950617287	3.071428571428567e-07
1.0641975308641978	1.0641975308641978	3.142857142857141e-07
1.0666666666666669	1.0666666666666669	3.142857142857141e-07
1.069135802469136	1.069135802469136	3.142857142857141e-07
1.071604938271605	1.071604938271605	3.2142857142857113e-07
1.0740740740740742	1.0740740740740742	3.2142857142857113e-07
1.0765432098765435	1.0765432098765435	3.2142857142857113e-07
1.0790123456790126	1.0790123456790126	3.2857142857142815e-07
1.0814814814814817	1.0814814814814817	3.2857142857142815e-07
1.0839506172839508	1.0839506172839508	3.2857142857142815e-07
1.08641975308642	1.08641975308642	3.357142857142856e-07
1.088888888888889	1.088888888888889	3.357142857142856e-07
1.0913580246913583	1.0913580246913583	3.428571428571426e-07
1.0938271604938274	1.0938271604938274	3.428571428571426e-07
1.0962962962962965	1.0962962962962965	3.499999999999996e-07
1.0987654320987656	1.0987654320987656	3.5714285714285705e-07
1.1012345679012348	1.1012345679012348	3.5714285714285705e-07
1.1037037037037039	1.1037037037037039	3.6428571428571407e-07
1.106172839506173	1.106172839506173	3.714285714285711e-07
1.1086419753086423	1.1086419753086423	3.785714285714285e-07
1.1111111111111114	1.1111111111111114	3.8571428571428553e-07
1.1135802469135805	1.1135802469135805	3.9999999999999956e-07
1.1160493827160496	1.1160493827160496	3.9999999999999956e-07
1.1185185185185187	1.1185185185185187	4.14285714285714e-07
1.1209876543209878	1.1209876543209878	4.2857142857142846e-07
1.1234567901234571	1.1234567901234571	4.2857142857142846e-07
1.1259259259259262	1.1259259259259262	4.428571428571425e-07
1.1283950617283953	1.1283950617283953	4.5714285714285694e-07
1.1308641975308644	1.1308641975308644	4.785714285714284e-07
1.1333333333333335	1.1333333333333335	4.785714285714284e-07
1.1358024691358026	1.1358024691358026	4.928571428571424e-07
1.1382716049382717	1.1382716049382717	5.142857142857139e-07
1.140740740740741	1.140740740740741	5.285714285714284e-07
1.1432098765432102	1.1432098765432102	5.428571428571428e-07
1.1456790123456793	1.1456790123456793	5.642857142857143e-07
1.1481481481481484	1.1481481481481484	5.857142857142853e-07
1.1506172839506175	1.1506172839506175	6.071428571428568e-07
1.1530864197530866	1.1530864197530866	6.285714285714282e-07
1.155555555555556	1.155555555555556	6.857142857142856e-07
1.158024691358025	1.158024691358025	6.857142857142856e-07
1.160493827160494	1.160493827160494	7.499999999999996e-07
1.1629629629629632	1.1629629629629632	7.499999999999996e-07
1.1654320987654323	1.1654320987654323	8.285714285714284e-07
1.1679012345679014	1.1679012345679014	8.285714285714284e-07
1.1703703703703705	1.1703703703703705	9.071428571428569e-07
1.1728395061728398	1.1728395061728398	9.071428571428569e-07
1.175308641975309	1.175308641975309	9.999999999999997e-07
1.177777777777778	1.177777777777778	9.999999999999997e-07
1.1802469135802471	1.1802469135802471	1.05e-06
1.1827160493827162	1.1827160493827162	1.0999999999999998e-06
1.1851851851851853	1.1851851851851853	1.1499999999999998e-06
1.1876543209876547	1.1876543209876547	1.2214285714285712e-06
1.1901234567901238	1.1901234567901238	1.2928571428571428e-06
1.1925925925925929	1.1925925925925929	1.4428571428571427e-06
1.195061728395062	1.195061728395062	1.4428571428571427e-06
1.197530864197531	1.197530864197531	1.5214285714285713e-06
1.2000000000000002	1.2000000000000002	1.6857142857142856e-06
1.2024691358024693	1.2024691358024693	1.6857142857142856e-06
