0.10194174757281549	3.6658097686375308e-06	5.732647814910025e-06	1.5835475578406165e-06
0.11618773479045709	3.6969856928108567e-06	5.732647814910025e-06	1.5835475578406165e-06
0.1304337220080987	3.6507705395970805e-06	5.717223650385603e-06	1.5835475578406165e-06
0.1446797092257403	3.6501084218078547e-06	5.7048223120745106e-06	1.5835475578406165e-06
0.1589256964433819	3.6787930136793617e-06	5.701799485861182e-06	1.5835475578406165e-06
0.1731716836610235	3.6360031332392794e-06	5.701489452403404e-06	1.5835475578406165e-06
0.18741767087866512	3.634490872629883e-06	5.68637532133676e-06	1.5835475578406165e-06
0.2016636580963067	3.618162066124971e-06	5.670951156812338e-06	1.5932361033961576e-06
0.21590964531394832	3.615352222443422e-06	5.655526992287917e-06	1.568123393316194e-06
0.23015563253158994	3.597899309613348e-06	5.640102827763495e-06	1.568123393316194e-06
0.24440161974923152	3.5872300693687967e-06	5.624678663239074e-06	1.5687434602317484e-06
0.25864760696687317	3.5849417554734594e-06	5.609254498714652e-06	1.552699228791773e-06
0.27289359418451475	3.5704240579853696e-06	5.600496053532443e-06	1.552699228791773e-06
0.28713958140215634	3.555975989734469e-06	5.6022787459146634e-06	1.5372750642673505e-06
0.30138556861979793	3.5414093206793044e-06	5.546240198421412e-06	1.5359574220717972e-06
0.3156315558374395	3.5270323349604854e-06	5.516709511568122e-06	1.5218508997429297e-06
0.32987754305508116	3.5113330795221128e-06	5.5019829223237e-06	1.5218508997429297e-06
0.3441235302727228	3.4955772792433186e-06	5.48586118251928e-06	1.5064267352185072e-06
0.3583695174903644	3.4802347340725113e-06	5.470437017994858e-06	1.5064267352185072e-06
0.372615504708006	3.476603320829515e-06	5.455012853470436e-06	1.4910025706940863e-06
0.38686149192564756	3.461645632195128e-06	5.439588688946015e-06	1.4910025706940863e-06
0.4011074791432892	3.4670395558857682e-06	5.429900143390473e-06	1.4813140251385456e-06
0.4153534663609308	3.450366760360519e-06	5.424164524421593e-06	1.4755784061696655e-06
0.4295994535785724	3.4421673743447435e-06	5.408740359897171e-06	1.4755784061696655e-06
0.443845440796214	3.435739080637603e-06	5.39331619537275e-06	1.4755784061696655e-06
0.4580914280138556	3.419142432139944e-06	5.377892030848328e-06	1.460154241645243e-06
0.4723374152314972	3.4020565891854515e-06	5.3717688700572255e-06	1.460154241645243e-06
0.4865834024491388	3.400581737275233e-06	5.331619537275064e-06	1.4674400279030093e-06
0.5008293896667804	3.385824733272516e-06	5.313560088359535e-06	1.4447300771208221e-06
0.5150753768844221	3.3566559408705566e-06	5.285347043701799e-06	1.4293059125963996e-06
0.5293213641020635	3.387623333673961e-06	5.271163013008486e-06	1.4293059125963996e-06
0.5435673513197052	3.3267377402434635e-06	5.284571960057355e-06	1.4138817480719787e-06
0.5578133385373468	3.3105444214968966e-06	5.209621371639689e-06	1.4138817480719787e-06
0.5720593257549884	3.29635002127623e-06	5.192802056555269e-06	1.3984575835475562e-06
0.5863053129726301	3.2764340627389128e-06	5.165364095541976e-06	1.4224851765252987e-06
0.6005513001902716	3.2626606668712356e-06	5.13552337523091e-06	1.3830334190231354e-06
0.6147972874079133	3.2755730892043888e-06	5.121959411453152e-06	1.3676092544987128e-06
0.6290432746255549	3.227246162063453e-06	5.0848329048843176e-06	1.3855911950497971e-06
0.6432892618431965	3.227739914862528e-06	5.085375463435428e-06	1.352185089974292e-06
0.657535249060838	3.1852503191883214e-06	5.0315846585110635e-06	1.3576881838498385e-06
0.6717812362784796	3.1702763201405435e-06	5.00771208226221e-06	1.3367609254498694e-06
0.6860272234961212	3.1549960120782e-06	4.992287917737788e-06	1.3367609254498694e-06
0.7002732107137629	3.1662285474111775e-06	4.972910826626706e-06	1.3557504747387304e-06
0.7145191979314045	3.143238016518193e-06	4.967330224386714e-06	1.3213367609254486e-06
0.7287651851490461	3.1261054637570345e-06	4.944077715053415e-06	1.3213367609254486e-06
0.7430111723666877	3.109973503155562e-06	4.915167095115681e-06	1.3087028975210234e-06
0.7572571595843293	3.1104048845448157e-06	4.9458604074356345e-06	1.3059125964010278e-06
0.7715031468019709	3.092725697419557e-06	4.884318766066837e-06	1.3059125964010278e-06
0.7857491340196125	3.075315618365361e-06	4.855563162857991e-06	1.2904884318766052e-06
0.7999951212372541	3.0633174869190812e-06	4.838046272493572e-06	1.2781646019299574e-06
0.8142411084548957	3.050793841843334e-06	4.8452545503868955e-06	1.2750642673521844e-06
0.8284870956725373	3.022645962485834e-06	4.807120435080284e-06	1.2596401028277619e-06
0.8427330828901789	3.0421518045667374e-06	4.767048610662567e-06	1.2596401028277619e-06
0.8569790701078205	2.995693977011671e-06	4.7372078903515e-06	1.244215938303341e-06
0.8712250573254621	2.979392111178609e-06	4.7146529562982e-06	1.258787510818875e-06
0.8854710445431038	2.9546197460685007e-06	4.692950614253787e-06	1.2287917737789185e-06
0.8997170317607454	2.9515251010499584e-06	4.678534058467142e-06	1.2393329113433478e-06
0.9139630189783869	2.938182748225259e-06	4.652956298200513e-06	1.2133676092544976e-06
0.9282090061960285	2.9205833221077285e-06	4.649700946893851e-06	1.2133676092544976e-06
0.9424549934136701	2.9255484158691203e-06	4.637532133676092e-06	1.2133676092544976e-06
0.9567009806313117	2.92478648273873e-06	4.62210796915167e-06	1.2133676092544976e-06
0.9709469678489534	2.909517990827304e-06	4.621875444058337e-06	1.2133676092544976e-06
0.985192955066595	2.9099897700589662e-06	4.606683804627249e-06	1.2133676092544976e-06
0.9994389422842366	2.910009757445639e-06	4.606683804627249e-06	1.2133676092544976e-06
1.0136849295018782	2.911287595510368e-06	4.591259640102827e-06	1.2133676092544976e-06
1.0279309167195199	2.8945200482626512e-06	4.587229205151722e-06	1.2133676092544976e-06
1.0421769039371613	2.9216010772288023e-06	4.5604113110539836e-06	1.2133676092544976e-06
1.0564228911548028	2.8804801474123516e-06	4.550800273862888e-06	1.203756572063401e-06
1.0706688783724445	2.8703869752204945e-06	4.562194003436202e-06	1.197943444730075e-06
1.0849148655900862	2.8636421136179014e-06	4.52956298200514e-06	1.197943444730075e-06
1.099160852807728	2.8637287565909587e-06	4.5141388174807185e-06	1.197943444730075e-06
1.1134068400253694	2.864955756852767e-06	4.5141388174807185e-06	1.197943444730075e-06
1.127652827243011	2.8487759766462013e-06	4.509565823978504e-06	1.2116624252367215e-06
1.1418988144606526	2.847561868625088e-06	4.498714652956298e-06	1.2133676092544976e-06
1.1561448016782943	2.8634348715759705e-06	4.498714652956298e-06	1.2133676092544976e-06
1.1703907888959357	2.8637578503568298e-06	4.498714652956298e-06	1.2133676092544976e-06
1.1846367761135774	2.86374618311332e-06	4.5141388174807185e-06	1.2139101678056076e-06
1.1988827633312191	2.863473575974915e-06	4.5141388174807185e-06	1.2287917737789185e-06
1.2131287505488606	2.879102010348496e-06	4.5141388174807185e-06	1.2287917737789185e-06
1.2273747377665023	2.8790968209650323e-06	4.52956298200514e-06	1.244215938303341e-06
1.2416207249841438	2.891628707872377e-06	4.52956298200514e-06	1.244215938303341e-06
1.2558667122017855	2.8961765026770224e-06	4.52956298200514e-06	1.2551446176899907e-06
1.270112699419427	2.9238417244853194e-06	4.544987146529562e-06	1.2596401028277619e-06
1.2843586866370686	2.9101905082903337e-06	4.5604113110539836e-06	1.279172210667734e-06
1.2986046738547103	2.9269740179452856e-06	4.584128870573949e-06	1.2750642673521844e-06
1.3128506610723518	2.925806593067268e-06	4.575835475578405e-06	1.2750642673521844e-06
1.3270966482899935	2.942423932340321e-06	4.591259640102827e-06	1.2904884318766052e-06
1.341342635507635	2.946273891802999e-06	4.596142667062819e-06	1.2953714588365979e-06
1.3555886227252767	3.0007114767158157e-06	4.610559222849465e-06	1.3444342535298592e-06
1.3698346099429182	2.9881635673096622e-06	4.646135562129411e-06	1.3618736355298333e-06
1.3840805971605599	3.0088061853650384e-06	4.69550839028045e-06	1.3386211261965334e-06
1.3983265843782016	3.064960845751203e-06	4.683804627249356e-06	1.3530376819831797e-06
1.412572571595843	3.0487924847707587e-06	4.714497939569311e-06	1.3833434524809131e-06
1.4268185588134847	3.0638534810240178e-06	4.7728617379958914e-06	1.3972949580808913e-06
1.4410645460311262	3.089572839485432e-06	4.798517006626963e-06	1.4138817480719787e-06
1.455310533248768	3.10783772173267e-06	4.78859593597809e-06	1.4293059125963996e-06
1.4695565204664096	3.135061850611531e-06	4.835178463009133e-06	1.4559687899652492e-06
1.483802507684051	3.1691164885726777e-06	4.863701541124645e-06	1.4755784061696655e-06
1.4980484949016928	3.2357383474898126e-06	4.908966425960134e-06	1.5064267352185072e-06
1.5122944821193343	3.242224891227841e-06	4.954231310795622e-06	1.5547144462673238e-06
1.526540469336976	3.2833855233210965e-06	5.032359742155508e-06	1.5599075066850953e-06
1.5407864565546174	3.3538790355696314e-06	5.060185244991021e-06	1.5897482269961618e-06
1.5550324437722591	3.3620724202931254e-06	5.1463745462531165e-06	1.6195889473072296e-06
1.5692784309899008	3.4077916405868413e-06	5.1549004663419914e-06	1.660668380462724e-06
1.5835244182075423	3.4530832111194048e-06	5.224115435790778e-06	1.6915167095115674e-06
1.597770405425184	3.4971557479212955e-06	5.2588391830618375e-06	1.7621268295203523e-06
1.6120163926428255	3.58520287329224e-06	5.374404154448334e-06	1.7971606102491888e-06
1.6262623798604672	3.634584197320724e-06	5.363397966697235e-06	1.7842167133869841e-06
1.6405083670781087	3.6181739827527258e-06	5.423311932412705e-06	1.8757540917957382e-06
1.6547543542957504	3.738712338859976e-06	5.506865949283694e-06	1.8593223185335405e-06
1.669000341513392	3.795936454275294e-06	5.560114195656947e-06	1.9045872033690296e-06
1.6832463287310335	3.7989662706376284e-06	5.655604500652363e-06	1.949852088204517e-06
1.6974923159486752	3.863014618190361e-06	5.72288176099004e-06	2.0568136311376923e-06
1.7117383031663167	3.921577033818087e-06	5.797987366136594e-06	2.0403818578754947e-06
1.7259842903839584	3.99153734231322e-06	5.981062122954101e-06	2.1010709072354046e-06
1.7402302776015999	4.059539225607852e-06	5.979046905478548e-06	2.2080324501685787e-06
1.7544762648192416	4.1347360968554305e-06	6.0695766751495255e-06	2.1916006769063814e-06
1.7687222520368833	4.2007006953189544e-06	6.144682280296082e-06	2.252289726266292e-06
1.7829682392545247	4.274281321208144e-06	6.300784126286963e-06	2.3592512691994663e-06
1.7972142264721664	4.400109455425549e-06	6.325741819638036e-06	2.3428194959372686e-06
1.811460213689808	4.401445300163004e-06	6.4008474247845895e-06	2.403508545297178e-06
1.8257062009074496	4.47036793708691e-06	6.491377194455568e-06	2.4546640658304387e-06
1.8399521881250913	4.5457772505549735e-06	6.581906964126545e-06	2.5538747723191787e-06
1.8541981753427328	4.605908010810576e-06	6.6570125692731005e-06	2.5393031998036444e-06
1.8684441625603745	4.66227626078982e-06	6.816912325121751e-06	2.5999922491635547e-06
1.882690149778016	4.717501485446361e-06	6.835436824223947e-06	2.7069537920967292e-06
1.8969361369956577	4.78288926564039e-06	6.885894769477205e-06	2.752218676932218e-06
1.9111821242132991	4.842802973254798e-06	6.957434989859321e-06	2.73578690367002e-06
1.9254281114309408	4.91375557295585e-06	7.0226970327214475e-06	2.810582475358798e-06
1.9396740986485825	4.939183816931552e-06	7.067961917556936e-06	2.810892508816575e-06
1.953920085866224	4.976407848391819e-06	7.105398457583547e-06	2.8407332291276414e-06
1.9681660730838657	4.998485753024866e-06	7.13624678663239e-06	2.8842154215809102e-06
1.9824120603015072	5.007839256936688e-06	7.13624678663239e-06	2.8791773778920298e-06
1.9966580475191489	5.007764743594124e-06	7.13624678663239e-06	2.8791773778920298e-06
2.0109040347367904	5.005474011539133e-06	7.15570138610792e-06	2.9140561418919814e-06
2.025150021954432	4.986261221811068e-06	7.102608156463551e-06	2.8791773778920298e-06
2.0393960091720738	4.972251960565819e-06	7.072767436152485e-06	2.8773946855098108e-06
2.0536419963897155	4.945675061060155e-06	7.045251966774748e-06	2.863753213367608e-06
2.067887983607357	4.930115078764684e-06	6.9976618310059285e-06	2.8485615739365194e-06
2.0821339708249984	4.896624389535691e-06	6.95239694617044e-06	2.8483290488431864e-06
2.09637995804264	4.854049103905271e-06	6.944413584632672e-06	2.8197284623632293e-06
2.1106259452602814	4.810485436623353e-06	6.879694100321655e-06	2.802056555269922e-06
2.124871932477923	4.766146971099909e-06	6.765059229308505e-06	2.7600470217410967e-06
2.1391179196955648	4.7553902975216496e-06	6.668638823939751e-06	2.7302063014300293e-06
2.1533639069132064	4.6367013671308196e-06	6.615778119388722e-06	2.6849414165945403e-06
2.167609894130848	4.574484646426716e-06	6.503003449122217e-06	2.701373189856738e-06
2.18185588134849	4.497559462007885e-06	6.45525829662451e-06	2.594411646923563e-06
2.1961018685661315	4.42970541993592e-06	6.337368074304684e-06	2.5645709266124956e-06
2.2103478557837732	4.389436575794386e-06	6.313805531513603e-06	2.5193060417770066e-06
2.224593843001415	4.4072844941608e-06	6.202581028535994e-06	2.5234139850925532e-06
2.2388398302190557	4.2903350323491125e-06	6.192194907700463e-06	2.4965960909948236e-06
2.2530858174366974	4.315834998423665e-06	6.136543902029436e-06	2.4318766066838034e-06
2.267331804654339	4.263915977283324e-06	6.080892896358401e-06	2.40102827763496e-06
2.281577791871981	4.174719271110258e-06	5.964242807869679e-06	2.3857591298394257e-06
2.2958237790896225	4.12946215023905e-06	5.903243725051995e-06	2.3991680768882962e-06
2.3100697663072642	4.084199936028995e-06	5.844492384803193e-06	2.3663045303638996e-06
2.324315753524906	4.038941824726104e-06	5.809071062252131e-06	2.3334409838395055e-06
2.3385617407425476	3.993258720885835e-06	5.78248569324773e-06	2.2966245107284504e-06
2.3528077279601893	3.990706767862112e-06	5.6759116921367744e-06	2.2313624678663223e-06
2.36705371517783	3.915078840469492e-06	5.630646807301289e-06	2.2348503442663146e-06
2.381299702395472	3.9212912024453345e-06	5.5853819224658e-06	2.176641562568628e-06
2.3955456896131135	3.8620636852724695e-06	5.579491286768033e-06	2.178191729857515e-06
2.4097916768307552	3.8518747003294455e-06	5.525700481843665e-06	2.1516838692175514e-06
2.424037664048397	3.805476447177253e-06	5.531281084083657e-06	2.132539303199803e-06
2.4382836512660386	3.800090181501714e-06	5.494697136065933e-06	2.090374752942087e-06
2.4525296384836803	3.758118627049934e-06	5.467026649959307e-06	2.097738047564297e-06
2.466775625701322	3.740405862193052e-06	5.452610094172661e-06	2.051078012168813e-06
2.4810216129189637	3.7251295633161126e-06	5.439588688946015e-06	2.0154241645244203e-06
2.4952676001366054	3.7122129585186938e-06	5.424164524421593e-06	1.999612458177777e-06
2.5095135873542462	3.743212120693099e-06	5.424164524421593e-06	1.9697717378667117e-06
2.523759574571888	3.6945760733708133e-06	5.424164524421593e-06	1.996744648693335e-06
2.5380055617895296	3.67898078569791e-06	5.424164524421593e-06	1.9334203149423205e-06
2.5522515490071713	3.6646721456085613e-06	5.424164524421593e-06	1.9074550128534694e-06
2.566497536224813	3.6506651530871484e-06	5.424164524421593e-06	1.8658330211468656e-06
2.5807435234424547	3.6136614857373347e-06	5.414398470501608e-06	1.8205681363113759e-06
2.5949895106600964	3.5774004773894435e-06	5.42625725026159e-06	1.7665448062936785e-06
2.609235497877738	3.544505207613183e-06	5.377892030848328e-06	1.7068633656715443e-06
2.62348148509538	3.500264952339767e-06	5.347043701799485e-06	1.6722171267649308e-06
2.6377274723130206	3.4920856536363394e-06	5.310459753781763e-06	1.6205190476805759e-06
2.6519734595306623	3.379296747678181e-06	5.265194868946274e-06	1.5457234759917955e-06
2.666219446748304	3.3113181179819487e-06	5.21938742555967e-06	1.3910167805609035e-06
2.6804654339659457	3.213076696545683e-06	5.189236671790836e-06	1.3930319980364547e-06
2.6947114211835874	3.1073792477321273e-06	5.050574207799927e-06	1.2870780638410568e-06
2.708957408401229	3.001129436409211e-06	4.944620273604525e-06	1.0478872511658533e-06
2.723203395618871	3.003469119787758e-06	4.838976372866905e-06	9.212385836638197e-07
2.7374493828365125	2.729656344778894e-06	4.830140419320254e-06	7.690896642595936e-07
2.751695370054154	2.726038558371099e-06	4.562116495071755e-06	5.748537029621086e-07
2.765941357271796	2.3679519768888496e-06	4.542894420689561e-06	3.81702858766835e-07
2.7801873444894367	2.3444144401954603e-06	4.1348128818901785e-06	2.3156915683820873e-07
2.7944333317070784	1.939570484109746e-06	3.913836534859393e-06	8.515585640285253e-08
2.80867931892472	1.714396803023784e-06	3.6730955548953047e-06	0.0
2.822925306142362	1.7355056907030884e-06	3.4404154448334243e-06	0.0
2.8371712933600035	1.4861267862493996e-06	3.3255480487269326e-06	0.0
2.851417280577645	1.2598965188881105e-06	3.038224541731792e-06	0.0
2.865663267795287	1.0502813352990404e-06	2.8608854038831607e-06	0.0
2.8799092550129286	5.829004176028903e-07	2.636266163723494e-06	0.0
2.8941552422305703	3.5576430262984395e-07	2.2491893916885304e-06	0.0
2.908401229448211	1.503871364548259e-07	1.989923912622246e-06	0.0
2.922647216665853	1.7483581783670395e-07	1.9828706514578205e-06	0.0
2.936893203883495	1.0282776349612765e-08	1.7994858611825184e-06	0.0
