0.0	0.0	2.2499554191643315e-09
0.05	0.05	2.2275429519995566e-09
0.10022779043280183	0.10022779043280183	2.2725933898077094e-09
0.13507972665148066	0.13507972665148066	2.365446029131184e-09
0.15011389521640095	0.15011389521640095	2.4253957302942217e-09
0.17984054669703875	0.17984054669703875	2.627636085256839e-09
0.2	0.2	2.9335352039788735e-09
0.22015945330296133	0.22015945330296133	3.2914806352087758e-09
0.23997722095671986	0.23997722095671986	4.102451715576411e-09
0.25022779043280186	0.25022779043280186	4.961947603002898e-09
0.2601366742596811	0.2601366742596811	6.405038419538489e-09
