0.009625118940964085	0.009625118940964085	1.2111111111111109e-05
0.01025076624873393	0.01025076624873393	1.1888888888888885e-05
0.010840364511607819	0.010840364511607819	1.077777777777778e-05
0.011399508621108978	0.011399508621108978	9.000000000000002e-06
0.011932480499075382	0.011932480499075382	8.555555555555554e-06
0.012442643807437271	0.012442643807437271	8.555555555555554e-06
0.012932698054797558	0.012932698054797558	1.0333333333333332e-05
0.013404848862789791	0.013404848862789791	1.1444444444444444e-05
0.013860925910334125	0.013860925910334125	9.444444444444436e-06
0.014302466960254504	0.014302466960254504	6.777777777777777e-06
0.014730779178524002	0.014730779178524002	6.111111111111112e-06
0.01514698482416749	0.01514698482416749	6.333333333333329e-06
0.015552055919413001	0.015552055919413001	7.666666666666659e-06
0.015946840984263903	0.015946840984263903	1.1222222222222227e-05
0.016332085948650644	0.016332085948650644	1.4777777777777775e-05
0.016708450720838368	0.016708450720838368	1.3888888888888886e-05
0.017076522466448373	0.017076522466448373	1.3444444444444445e-05
0.017436826362713122	0.017436826362713122	1.3666666666666662e-05
0.017789834391009937	0.017789834391009937	1.1444444444444444e-05
0.018135972588079526	0.018135972588079526	1.077777777777778e-05
0.01847562707383541	0.01847562707383541	1.0999999999999996e-05
0.01880914909896691	0.01880914909896691	1.1444444444444444e-05
0.01913685930038555	0.01913685930038555	1.1888888888888885e-05
0.019459051311361403	0.019459051311361403	1.2999999999999998e-05
0.019775994842067872	0.019775994842067872	1.0999999999999996e-05
0.020087938322502098	0.020087938322502098	8.555555555555554e-06
0.0203951111814488	0.0203951111814488	6.333333333333329e-06
0.02069772582093316	0.02069772582093316	6.111111111111112e-06
0.020995979334464086	0.020995979334464086	6.333333333333329e-06
0.02129005500856715	0.02129005500856715	8.111111111111106e-06
0.021580123640105572	0.021580123640105572	1.0111111111111114e-05
0.02186634469627981	0.02186634469627981	1.077777777777778e-05
0.022148867339678024	0.022148867339678024	1.0999999999999996e-05
0.02242783133708295	0.02242783133708295	1.3888888888888886e-05
0.02270336786775202	0.02270336786775202	1.4777777777777775e-05
0.022975600244436723	0.022975600244436723	1.4777777777777775e-05
0.02324464455838586	0.02324464455838586	1.4999999999999999e-05
0.02351061025790451	0.02351061025790451	1.4999999999999999e-05
0.023773600668647595	0.023773600668647595	1.4555555555555551e-05
0.024033713462663378	0.024033713462663378	1.2333333333333333e-05
0.02429104108222494	0.02429104108222494	1.1666666666666661e-05
0.024545671123665	0.024545671123665	1.1666666666666661e-05
0.024797686685732425	0.024797686685732425	1.2333333333333333e-05
0.025047166686398406	0.025047166686398406	1.0333333333333332e-05
0.025294186151535825	0.025294186151535825	9.000000000000002e-06
0.025538816478464916	0.025538816478464916	8.333333333333337e-06
0.02578112567698945	0.02578112567698945	8.111111111111106e-06
0.026021178590228775	0.026021178590228775	8.333333333333337e-06
0.026259037097279097	0.026259037097279097	1.2555555555555557e-05
0.026494760299497395	0.026494760299497395	1.7e-05
0.02672840469199781	0.02672840469199781	1.7222222222222224e-05
0.02696002432177015	0.02696002432177015	1.5222222222222223e-05
0.027189670933674574	0.027189670933674574	1.2111111111111109e-05
0.027417394105429097	0.027417394105429097	1.077777777777778e-05
0.027643241372588175	0.027643241372588175	1.0555555555555549e-05
0.02786725834440413	0.02786725834440413	1.1444444444444444e-05
0.028089488811372007	0.028089488811372007	1.2111111111111109e-05
0.02830997484517539	0.02830997484517539	1.1888888888888885e-05
0.028528756891679847	0.028528756891679847	1.1888888888888885e-05
0.028745873857555934	0.028745873857555934	6.777777777777777e-06
0.028961363191056813	0.028961363191056813	6.777777777777777e-06
0.029175260957426213	0.029175260957426213	6.777777777777777e-06
0.029387601909366016	0.029387601909366016	8.777777777777771e-06
0.02959841955295358	0.02959841955295358	9.444444444444436e-06
0.029807746209362898	0.029807746209362898	1.0111111111111114e-05
0.03001561307271182	0.03001561307271182	9.888888888888884e-06
0.03022205026432755	0.03022205026432755	7.88888888888889e-06
0.03042708688369895	0.03042708688369895	7.666666666666659e-06
0.030630751056358797	0.030630751056358797	7.666666666666659e-06
0.030833069978918975	0.030833069978918975	8.111111111111106e-06
0.031034069961463892	0.031034069961463892	8.333333333333337e-06
0.031233776467487664	0.031233776467487664	1.1666666666666661e-05
0.031432214151547885	0.031432214151547885	1.0333333333333332e-05
0.031629406894792954	0.031629406894792954	8.333333333333337e-06
0.0318253778385083	0.0318253778385083	8.333333333333337e-06
0.03202014941581442	0.03202014941581442	1.0999999999999996e-05
0.032213743381640306	0.032213743381640306	1.4333333333333334e-05
0.032406180841084875	0.032406180841084875	1.6333333333333335e-05
0.03259748227627161	0.03259748227627161	1.3888888888888886e-05
0.03278766757179311	0.03278766757179311	8.111111111111106e-06
0.03297675603883451	0.03297675603883451	5.666666666666664e-06
0.03316476643805937	0.03316476643805937	5.8888888888888814e-06
0.03335171700133403	0.03335171700133403	9.000000000000002e-06
0.033537625452362295	0.033537625452362295	4.777777777777769e-06
0.03372250902629619	0.03372250902629619	4.777777777777769e-06
0.033906384488384164	0.033906384488384164	5.222222222222217e-06
0.03408926815171413	0.03408926815171413	8.777777777777771e-06
0.034271175894104104	0.034271175894104104	1.2111111111111109e-05
0.034452123174190455	0.034452123174190455	9.666666666666667e-06
0.03463212504675942	0.03463212504675942	9.222222222222219e-06
0.03481119617736494	0.03481119617736494	9.666666666666667e-06
0.03498935085627359	0.03498935085627359	8.333333333333337e-06
0.03516660301177316	0.03516660301177316	6.55555555555556e-06
0.035342966222881064	0.035342966222881064	6.55555555555556e-06
0.035518453731484205	0.035518453731484205	7.222222222222225e-06
0.03569307845394222	0.03569307845394222	9.444444444444436e-06
0.03586685299218171	0.03586685299218171	7.444444444444442e-06
0.03603978964430966	0.03603978964430966	7.222222222222225e-06
0.036211900414769946	0.036211900414769946	7.666666666666659e-06
0.036383197024068066	0.036383197024068066	8.111111111111106e-06
0.03655369091808521	0.03655369091808521	6.333333333333329e-06
0.036723393277003503	0.036723393277003503	5.8888888888888814e-06
0.03689231502386147	0.03689231502386147	5.8888888888888814e-06
0.037060466832758786	0.037060466832758786	5.444444444444447e-06
0.037227859136727194	0.037227859136727194	4.9999999999999996e-06
0.03739450213528452	0.03739450213528452	5.222222222222217e-06
0.03756040580168695	0.03756040580168695	6.999999999999994e-06
0.03772557988989442	0.03772557988989442	1.0333333333333332e-05
0.03789003394126243	0.03789003394126243	1.3444444444444445e-05
0.03805377729097384	0.03805377729097384	1.611111111111111e-05
0.03821681907422251	0.03821681907422251	1.5888888888888887e-05
0.03837916823216054	0.03837916823216054	1.3888888888888886e-05
0.03854083351762007	0.03854083351762007	9.888888888888884e-06
0.03870182350061994	0.03870182350061994	9.222222222222219e-06
0.03886214657366682	0.03886214657366682	9.222222222222219e-06
0.03902181095686095	0.03902181095686095	1.0111111111111114e-05
0.039180824702813755	0.039180824702813755	1.2777777777777774e-05
0.039339195701387296	0.039339195701387296	6.999999999999994e-06
0.03949693168426214	0.03949693168426214	6.777777777777777e-06
0.03965404022934221	0.03965404022934221	6.777777777777777e-06
0.03981052876500271	0.03981052876500271	7.222222222222225e-06
0.03996640457418855	0.03996640457418855	7.444444444444442e-06
0.04012167479836959	0.04012167479836959	9.444444444444436e-06
0.04027634644135845	0.04027634644135845	1.2555555555555557e-05
0.04043042637299685	0.04043042637299685	1.1888888888888885e-05
0.04058392133271629	0.04058392133271629	1.1444444444444444e-05
0.04073683793297756	0.04073683793297756	1.1888888888888885e-05
0.04088918266259484	0.04088918266259484	1.5888888888888887e-05
0.04104096188994845	0.04104096188994845	1.744444444444444e-05
0.04119218186609137	0.04119218186609137	8.555555555555554e-06
0.04134284872775314	0.04134284872775314	8.111111111111106e-06
0.04149296850024589	0.04149296850024589	8.111111111111106e-06
0.041642547100276	0.041642547100276	1.6333333333333335e-05
0.041791590338664995	0.041791590338664995	1.2777777777777774e-05
0.0419401039229837	0.0419401039229837	8.333333333333337e-06
0.0420880934601026	0.0420880934601026	6.777777777777777e-06
0.042235564458661765	0.042235564458661765	6.999999999999994e-06
0.042382522331463446	0.042382522331463446	7.666666666666659e-06
0.04252897239779022	0.04252897239779022	8.111111111111106e-06
0.04267491988565167	0.04267491988565167	9.222222222222219e-06
0.042820369933961946	0.042820369933961946	9.000000000000002e-06
0.04296532759465122	0.04296532759465122	9.000000000000002e-06
0.04310979783471291	0.04310979783471291	1.744444444444444e-05
0.04325378553818978	0.04325378553818978	1.4555555555555551e-05
0.04339729550810036	0.04339729550810036	1.4333333333333334e-05
0.04354033246830846	0.04354033246830846	1.544444444444444e-05
0.04368290106533745	0.04368290106533745	1.788888888888889e-05
0.04382500587013144	0.04382500587013144	1.611111111111111e-05
0.04396665137976534	0.04396665137976534	1.3444444444444445e-05
0.04410784201910539	0.04410784201910539	1.0333333333333332e-05
0.044248582142422034	0.044248582142422034	9.444444444444436e-06
0.04438887603495664	0.04438887603495664	9.222222222222219e-06
0.04452872791444411	0.04452872791444411	1.0999999999999996e-05
0.044668141932592276	0.044668141932592276	1.5222222222222223e-05
0.04480712217651997	0.04480712217651997	1.5222222222222223e-05
0.04494567267015518	0.04494567267015518	1.544444444444444e-05
0.045083797375594314	0.045083797375594314	1.744444444444444e-05
0.04522150019442433	0.04522150019442433	9.666666666666667e-06
0.04535878496900855	0.04535878496900855	6.777777777777777e-06
0.04549565548373776	0.04549565548373776	5.444444444444447e-06
0.04563211546624719	0.04563211546624719	5.444444444444447e-06
0.045768168588601346	0.045768168588601346	7.88888888888889e-06
0.04590381846844676	0.04590381846844676	7.444444444444442e-06
0.04603906867013438	0.04603906867013438	8.111111111111106e-06
0.04617392270581245	0.04617392270581245	7.222222222222225e-06
0.04630838403649052	0.04630838403649052	6.111111111111112e-06
0.04644245607307599	0.04644245607307599	6.111111111111112e-06
0.046576142177383574	0.046576142177383574	8.777777777777771e-06
0.046709445663118944	0.046709445663118944	1.2999999999999998e-05
0.04684236979683696	0.04684236979683696	1.6555555555555552e-05
0.046974917798875755	0.046974917798875755	1.6555555555555552e-05
0.047107092844267055	0.047107092844267055	4.9999999999999996e-06
0.047238898063623434	0.047238898063623434	4.555555555555552e-06
0.047370336544003605	0.047370336544003605	4.777777777777769e-06
0.04750141132975596	0.04750141132975596	6.777777777777777e-06
0.047632125423341304	0.047632125423341304	1.5222222222222223e-05
0.047762481786135354	0.047762481786135354	1.4333333333333334e-05
0.04789248333921148	0.04789248333921148	1.3222222222222221e-05
0.04802213296410448	0.04802213296410448	1.3222222222222221e-05
0.048151433503555725	0.048151433503555725	1.544444444444444e-05
0.04828038776224058	0.04828038776224058	1.2777777777777774e-05
0.04840899850747803	0.04840899850747803	1.2555555555555557e-05
0.04853726846992367	0.04853726846992367	1.2999999999999998e-05
0.04866520034424621	0.04866520034424621	1.6555555555555552e-05
0.04879279678978784	0.04879279678978784	1.8555555555555553e-05
0.04892006043120935	0.04892006043120935	1.8555555555555553e-05
0.04904699385911996	0.04904699385911996	1.6777777777777776e-05
0.04917359963069271	0.04917359963069271	8.555555555555554e-06
0.04929988027026539	0.04929988027026539	5.222222222222217e-06
0.049425838269927934	0.049425838269927934	4.111111111111104e-06
0.04955147609009617	0.04955147609009617	4.333333333333335e-06
0.049676796160072555	0.049676796160072555	3.2222222222222222e-06
0.04980180087859427	0.04980180087859427	2.1111111111111097e-06
0.04992649261436889	0.04992649261436889	1.8888888888888926e-06
0.050050873706598116	0.050050873706598116	2.5555555555555574e-06
0.05017494646548973	0.05017494646548973	5.222222222222217e-06
0.05029871317275827	0.05029871317275827	5.222222222222217e-06
0.050422176082114634	0.050422176082114634	5.444444444444447e-06
0.05054533741974485	0.05054533741974485	1.0111111111111114e-05
0.05066819938477848	0.05066819938477848	8.333333333333337e-06
0.050790764149746634	0.050790764149746634	6.999999999999994e-06
0.05091303386103036	0.05091303386103036	4.555555555555552e-06
0.051035010639299126	0.051035010639299126	3.888888888888887e-06
0.05115669657993994	0.05115669657993994	3.66666666666667e-06
0.05127809375347738	0.05127809375347738	1.2333333333333333e-05
0.05139920420598459	0.05139920420598459	1.7e-05
0.05152002995948566	0.05152002995948566	1.1666666666666661e-05
0.05164057301234955	0.05164057301234955	7.88888888888889e-06
0.051760835339675654	0.051760835339675654	6.999999999999994e-06
0.05188081889367141	0.05188081889367141	6.999999999999994e-06
0.052000525604022046	0.052000525604022046	7.88888888888889e-06
0.052119957378252695	0.052119957378252695	9.000000000000002e-06
0.052239116102082955	0.052239116102082955	6.55555555555556e-06
0.05235800363977439	0.05235800363977439	3.66666666666667e-06
0.052476621834470764	0.052476621834470764	3.66666666666667e-06
0.052594972508531394	0.052594972508531394	6.999999999999994e-06
0.05271305746385797	0.05271305746385797	4.333333333333335e-06
0.05283087848221442	0.05283087848221442	4.333333333333335e-06
0.0529484373255407	0.0529484373255407	5.444444444444447e-06
0.053065735736260264	0.053065735736260264	6.777777777777777e-06
0.053182775437581285	0.053182775437581285	8.111111111111106e-06
0.05329955813379205	0.05329955813379205	5.666666666666664e-06
0.053416085510550514	0.053416085510550514	4.9999999999999996e-06
0.05353235923516819	0.05353235923516819	3.888888888888887e-06
0.053648380956888495	0.053648380956888495	3.888888888888887e-06
0.053764152307159634	0.053764152307159634	4.333333333333335e-06
0.05387967489990232	0.05387967489990232	7.666666666666659e-06
0.053994950331772235	0.053994950331772235	6.333333333333329e-06
0.0541099801824175	0.0541099801824175	5.8888888888888814e-06
0.0542247660147313	0.0542247660147313	5.8888888888888814e-06
0.05433930937509952	0.05433930937509952	7.444444444444442e-06
0.054453611793643886	0.054453611793643886	9.444444444444436e-06
0.054567674784460445	0.054567674784460445	1.0333333333333332e-05
0.054681499845853535	0.054681499845853535	1.0999999999999996e-05
0.054795088460565446	0.054795088460565446	3.66666666666667e-06
0.0549084420960017	0.0549084420960017	3.66666666666667e-06
0.05502156220445235	0.05502156220445235	4.111111111111104e-06
0.05513445022330895	0.05513445022330895	7.222222222222225e-06
0.05524710757527773	0.05524710757527773	8.111111111111106e-06
0.05535953566858876	0.05535953566858876	6.999999999999994e-06
0.055471735897201314	0.055471735897201314	6.55555555555556e-06
0.05558370964100558	0.05558370964100558	4.555555555555552e-06
0.05569545826602054	0.05569545826602054	4.555555555555552e-06
0.05580698312458858	0.05580698312458858	5.444444444444447e-06
0.05591828555556623	0.05591828555556623	6.111111111111112e-06
0.05602936688451185	0.05602936688451185	5.444444444444447e-06
0.05614022842386974	0.05614022842386974	5.444444444444447e-06
0.056250871473151054	0.056250871473151054	1.6777777777777776e-05
0.05636129731911162	0.05636129731911162	1.4333333333333334e-05
0.05647150723592634	0.05647150723592634	1.2111111111111109e-05
0.056581502485360986	0.056581502485360986	1.2111111111111109e-05
0.05669128431694049	0.05669128431694049	1.2333333333333333e-05
0.05680085396811476	0.05680085396811476	1.2999999999999998e-05
0.056910212664421256	0.056910212664421256	2.1111111111111097e-06
0.05701936161964501	0.05701936161964501	2.4555555555555557e-05
0.057128302035975805	0.057128302035975805	2.566666666666667e-05
0.05723703510416262	0.05723703510416262	2.5888888888888886e-05
0.057345562003665494	0.057345562003665494	2.4555555555555557e-05
0.05745388390280482	0.05745388390280482	5.666666666666664e-06
0.05756200195890806	0.05756200195890806	2.6555555555555558e-05
0.05766991731845405	0.05766991731845405	1.788888888888889e-05
0.05777763111721474	0.05777763111721474	1.4999999999999999e-05
0.05788514448039483	0.05788514448039483	1.4999999999999999e-05
0.05799245852276868	0.05799245852276868	1.611111111111111e-05
0.058099574348815436	0.058099574348815436	1.544444444444444e-05
0.058206493052851374	0.058206493052851374	1.2999999999999998e-05
0.058313215719160594	0.058313215719160594	9.000000000000002e-06
0.058419743422123104	0.058419743422123104	9.000000000000002e-06
0.05852607722634114	0.05852607722634114	9.222222222222219e-06
0.05863221818676323	0.05863221818676323	8.111111111111106e-06
0.05873816734880636	0.05873816734880636	7.444444444444442e-06
0.05884392574847605	0.05884392574847605	1.1444444444444444e-05
0.05894949441248458	0.05894949441248458	1.0111111111111114e-05
0.059054874358367246	0.059054874358367246	7.444444444444442e-06
0.05916006659459687	0.05916006659459687	5.222222222222217e-06
0.05926507212069627	0.05926507212069627	5.444444444444447e-06
0.059369891927349205	0.059369891927349205	6.55555555555556e-06
0.05947452699650929	0.05947452699650929	9.888888888888884e-06
0.059578978301507456	0.059578978301507456	1.611111111111111e-05
0.059683246807157475	0.059683246807157475	6.777777777777777e-06
0.05978733346986001	0.05978733346986001	6.777777777777777e-06
0.05989123923770486	0.05989123923770486	7.777777777777801e-07
0.05999496505057188	0.05999496505057188	1.4555555555555551e-05
0.06009851184023001	0.06009851184023001	2.1444444444444443e-05
0.06020188053043507	0.06020188053043507	1.4555555555555551e-05
0.060305072037025766	0.060305072037025766	9.222222222222219e-06
0.06040808726801848	0.06040808726801848	5.444444444444447e-06
0.0605109271237004	0.0605109271237004	2.7777777777777745e-06
0.06061359249672139	0.06061359249672139	2.5555555555555574e-06
0.060716084272184334	0.060716084272184334	2.7777777777777745e-06
0.060818403327734194	0.060818403327734194	4.9999999999999996e-06
0.060920550533645694	0.060920550533645694	7.222222222222225e-06
0.06102252675290964	0.06102252675290964	1.4555555555555551e-05
0.06112433284131802	0.06112433284131802	1.2111111111111109e-05
0.061225969647547826	0.061225969647547826	9.666666666666667e-06
0.0613274380132435	0.0613274380132435	9.444444444444436e-06
0.06142873877309837	0.06142873877309837	9.666666666666667e-06
0.06152987275493463	0.06152987275493463	7.222222222222225e-06
0.061630840779782384	0.061630840779782384	7.222222222222225e-06
0.06173164366195736	0.06173164366195736	1.3222222222222221e-05
0.06183228220913747	0.06183228220913747	1.2777777777777774e-05
0.06193275722243845	0.06193275722243845	1.3222222222222221e-05
0.062033069496488145	0.062033069496488145	1.5222222222222223e-05
0.062133219819499916	0.062133219819499916	1.7e-05
0.0622332089733448	0.0622332089733448	1.8555555555555553e-05
0.06233303773362281	0.06233303773362281	1.8111111111111112e-05
0.06243270686973312	0.06243270686973312	4.555555555555552e-06
0.06253221714494321	0.06253221714494321	3.2222222222222222e-06
0.06263156931645704	0.06263156931645704	2.9999999999999916e-06
0.06273076413548241	0.06273076413548241	4.333333333333335e-06
0.06282980234729703	0.06282980234729703	1.1444444444444444e-05
0.06292868469131402	0.06292868469131402	1.0111111111111114e-05
0.0630274119011462	0.0630274119011462	6.777777777777777e-06
0.06312598470466967	0.06312598470466967	6.55555555555556e-06
0.06322440382408637	0.06322440382408637	7.666666666666659e-06
0.06332266997598582	0.06332266997598582	1.5888888888888887e-05
0.06342078387140603	0.06342078387140603	1.3666666666666662e-05
0.06351874621589346	0.06351874621589346	1.077777777777778e-05
0.06361655770956226	0.06361655770956226	1.0333333333333332e-05
0.0637142190471527	0.0637142190471527	1.1222222222222227e-05
0.0638117309180886	0.0638117309180886	9.666666666666667e-06
0.0639090940065342	0.0639090940065342	8.333333333333337e-06
0.06400630899145025	0.06400630899145025	8.333333333333337e-06
0.06410337654664904	0.06410337654664904	8.555555555555554e-06
0.06420029734084903	0.06420029734084903	1.611111111111111e-05
0.06429707203772866	0.06429707203772866	1.4333333333333334e-05
0.0643937012959792	0.0643937012959792	9.888888888888884e-06
0.06449018576935715	0.06449018576935715	9.888888888888884e-06
0.06458652610673588	0.06458652610673588	9.888888888888884e-06
0.06468272295215646	0.06468272295215646	9.666666666666667e-06
0.06477877694487796	0.06477877694487796	9.888888888888884e-06
0.06487468871942699	0.06487468871942699	1.3222222222222221e-05
0.06497045890564654	0.06497045890564654	1.5222222222222223e-05
0.06506608812874437	0.06506608812874437	1.5666666666666663e-05
0.06516157700934049	0.06516157700934049	1.544444444444444e-05
0.06525692616351424	0.06525692616351424	1.3666666666666662e-05
0.06535213620285066	0.06535213620285066	1.2999999999999998e-05
0.06544720773448617	0.06544720773448617	1.2777777777777774e-05
0.06554214136115388	0.06554214136115388	3.2222222222222222e-06
0.06563693768122805	0.06563693768122805	3.4444444444444393e-06
0.06573159728876818	0.06573159728876818	4.777777777777769e-06
0.06582612077356234	0.06582612077356234	7.666666666666659e-06
0.06592050872117015	0.06592050872117015	4.555555555555552e-06
0.06601476171296505	0.06601476171296505	4.555555555555552e-06
0.06610888032617611	0.06610888032617611	5.444444444444447e-06
0.06620286513392919	0.06620286513392919	1.2555555555555557e-05
0.06629671670528778	0.06629671670528778	3.333333333333324e-07
0.06639043560529312	0.06639043560529312	8.111111111111106e-06
0.06648402239500387	0.06648402239500387	5.666666666666664e-06
0.06657747763153538	0.06657747763153538	5.444444444444447e-06
0.06667080186809832	0.06667080186809832	6.55555555555556e-06
0.0667639956540369	0.0667639956540369	1.2111111111111109e-05
0.0668570595348666	0.0668570595348666	1.0333333333333332e-05
0.06694999405231146	0.06694999405231146	9.666666666666667e-06
0.06704279974434077	0.06704279974434077	9.888888888888884e-06
0.06713547714520551	0.06713547714520551	9.000000000000002e-06
0.06722802678547418	0.06722802678547418	9.000000000000002e-06
0.06732044919206827	0.06732044919206827	6.111111111111112e-06
0.0674127448882972	0.0674127448882972	4.777777777777769e-06
0.06750491439389295	0.06750491439389295	4.777777777777769e-06
0.06759695822504415	0.06759695822504415	4.9999999999999996e-06
0.0676888768944299	0.0676888768944299	6.111111111111112e-06
0.06778067091125302	0.06778067091125302	1.411111111111111e-05
0.06787234078127291	0.06787234078127291	1.411111111111111e-05
0.06796388700683816	0.06796388700683816	1.3444444444444445e-05
0.06805531008691859	0.06805531008691859	1.3888888888888886e-05
0.0681466105171371	0.0681466105171371	1.4999999999999999e-05
0.06823778878980084	0.06823778878980084	9.222222222222219e-06
0.0683288453939323	0.0683288453939323	8.777777777777771e-06
0.06841978081529992	0.06841978081529992	1.2222222222222143e-06
0.06851059553644825	0.06851059553644825	2.9999999999999916e-06
0.06860129003672788	0.06860129003672788	2.9999999999999916e-06
0.06869186479232493	0.06869186479232493	1.444444444444445e-06
0.06878232027629023	0.06878232027629023	1.3888888888888886e-05
0.06887265695856817	0.06887265695856817	1.3222222222222221e-05
0.06896287530602514	0.06896287530602514	1.1222222222222227e-05
0.06905297578247771	0.06905297578247771	1.0999999999999996e-05
0.06914295884872043	0.06914295884872043	1.5888888888888887e-05
0.06923282496255334	0.06923282496255334	1.3666666666666662e-05
0.06932257457880915	0.06932257457880915	1.3444444444444445e-05
0.06941220814938007	0.06941220814938007	7.222222222222225e-06
0.06950172612324437	0.06950172612324437	6.55555555555556e-06
0.06959112894649264	0.06959112894649264	4.111111111111104e-06
0.06968041706235369	0.06968041706235369	3.2222222222222222e-06
0.0697695909112202	0.0697695909112202	3.4444444444444393e-06
0.06985865093067409	0.06985865093067409	7.444444444444442e-06
0.06994759755551148	0.06994759755551148	8.333333333333337e-06
0.0700364312177676	0.0700364312177676	8.333333333333337e-06
0.07012515234674116	0.07012515234674116	7.444444444444442e-06
0.07021376136901855	0.07021376136901855	4.333333333333335e-06
0.0703022587084979	0.0703022587084979	3.888888888888887e-06
0.07039064478641253	0.07039064478641253	4.333333333333335e-06
0.07047892002135457	0.07047892002135457	7.88888888888889e-06
0.07056708482929791	0.07056708482929791	9.444444444444436e-06
0.07065513962362115	0.07065513962362115	3.333333333333324e-07
0.07074308481513022	0.07074308481513022	1.0111111111111114e-05
0.0708309208120807	0.0708309208120807	1.0999999999999996e-05
0.07091864802019995	0.07091864802019995	9.000000000000002e-06
0.07100626684270903	0.07100626684270903	8.777777777777771e-06
0.07109377768034417	0.07109377768034417	1.2333333333333333e-05
0.07118118093137833	0.07118118093137833	1.2333333333333333e-05
0.07126847699164225	0.07126847699164225	1.1444444444444444e-05
0.07135566625454538	0.07135566625454538	1.1666666666666661e-05
0.07144274911109658	0.07144274911109658	1.1666666666666661e-05
0.07152972594992452	0.07152972594992452	8.555555555555554e-06
0.07161659715729803	0.07161659715729803	2.9999999999999916e-06
0.071703363117146	0.071703363117146	1.444444444444445e-06
0.07179002421107723	0.07179002421107723	1.666666666666662e-06
0.07187658081840004	0.07187658081840004	2.1111111111111097e-06
0.07196303331614151	0.07196303331614151	3.2222222222222222e-06
0.07204938207906683	0.07204938207906683	7.666666666666659e-06
0.07213562747969812	0.07213562747969812	6.55555555555556e-06
0.07222176988833319	0.07222176988833319	5.222222222222217e-06
0.07230780967306415	0.07230780967306415	5.222222222222217e-06
0.07239374719979572	0.07239374719979572	8.555555555555554e-06
0.07247958283226334	0.07247958283226334	4.555555555555552e-06
0.07256531693205127	0.07256531693205127	2.1111111111111097e-06
0.07265094985861023	0.07265094985861023	2.1111111111111097e-06
0.07273648196927499	0.07273648196927499	2.7777777777777745e-06
0.07282191361928184	0.07282191361928184	6.999999999999994e-06
0.07290724516178576	0.07290724516178576	7.222222222222225e-06
0.07299247694787747	0.07299247694787747	6.999999999999994e-06
0.07307760932660025	0.07307760932660025	6.111111111111112e-06
0.07316264264496662	0.07316264264496662	5.222222222222217e-06
0.0732475772479749	0.0732475772479749	2.7777777777777745e-06
0.07333241347862547	0.07333241347862547	2.9999999999999916e-06
0.07341715167793696	0.07341715167793696	3.66666666666667e-06
0.07350179218496228	0.07350179218496228	3.888888888888887e-06
0.07358633533680436	0.07358633533680436	4.777777777777769e-06
0.07367078146863189	0.07367078146863189	4.777777777777769e-06
0.0737551309136948	0.0737551309136948	5.444444444444447e-06
0.0738393840033396	0.0738393840033396	7.666666666666659e-06
0.07392354106702456	0.07392354106702456	5.222222222222217e-06
0.07400760243233472	0.07400760243233472	4.9999999999999996e-06
0.07409156842499684	0.07409156842499684	5.222222222222217e-06
0.07417543936889406	0.07417543936889406	7.666666666666659e-06
0.07425921558608051	0.07425921558608051	1.3666666666666662e-05
0.07434289739679566	0.07434289739679566	1.3444444444444445e-05
0.07442648511947872	0.07442648511947872	7.666666666666659e-06
0.07450997907078272	0.07450997907078272	7.444444444444442e-06
0.07459337956558851	0.07459337956558851	7.444444444444442e-06
0.07467668691701855	0.07467668691701855	1.1222222222222227e-05
0.07475990143645075	0.07475990143645075	5.666666666666664e-06
0.07484302343353198	0.07484302343353198	3.888888888888887e-06
0.0749260532161915	0.0749260532161915	3.66666666666667e-06
0.07500899109065429	0.07500899109065429	6.55555555555556e-06
0.0750918373614542	0.0750918373614542	6.333333333333329e-06
0.07517459233144705	0.07517459233144705	6.333333333333329e-06
0.0752572563018235	0.0752572563018235	6.333333333333329e-06
0.07533982957212189	0.07533982957212189	6.55555555555556e-06
0.07542231244024081	0.07542231244024081	7.666666666666659e-06
0.07550470520245171	0.07550470520245171	1.1888888888888885e-05
0.07558700815341136	0.07558700815341136	6.777777777777777e-06
0.075669221586174	0.075669221586174	2.7777777777777745e-06
0.07575134579220366	0.07575134579220366	2.9999999999999916e-06
0.07583338106138612	0.07583338106138612	7.444444444444442e-06
0.07591532768204093	0.07591532768204093	7.222222222222225e-06
0.0759971859409331	0.0759971859409331	5.666666666666664e-06
0.07607895612328501	0.07607895612328501	5.666666666666664e-06
0.07616063851278777	0.07616063851278777	1.0111111111111114e-05
0.07624223339161293	0.07624223339161293	8.333333333333337e-06
0.07632374104042366	0.07632374104042366	6.777777777777777e-06
0.07640516173838613	0.07640516173838613	4.777777777777769e-06
0.07648649576318062	0.07648649576318062	5.444444444444447e-06
0.0765677433910126	0.0765677433910126	9.444444444444436e-06
0.07664890489662364	0.07664890489662364	1.2555555555555557e-05
0.07672998055330225	0.07672998055330225	7.777777777777801e-07
0.07681097063289467	0.07681097063289467	2.5555555555555574e-06
0.07689187540581541	0.07689187540581541	2.7777777777777745e-06
0.07697269514105788	0.07697269514105788	5.8888888888888814e-06
0.07705343010620476	0.07705343010620476	4.777777777777769e-06
0.07713408056743834	0.07713408056743834	4.777777777777769e-06
0.07721464678955083	0.07721464678955083	6.333333333333329e-06
0.07729512903595437	0.07729512903595437	7.666666666666659e-06
0.07737552756869122	0.07737552756869122	7.666666666666659e-06
0.07745584264844364	0.07745584264844364	9.000000000000002e-06
0.07753607453454375	0.07753607453454375	5.222222222222217e-06
0.0776162234849833	0.0776162234849833	2.333333333333327e-06
0.0776962897564234	0.0776962897564234	2.5555555555555574e-06
0.07777627360420399	0.07777627360420399	1.444444444444445e-06
0.07785617528235349	0.07785617528235349	1.2222222222222143e-06
0.07793599504359813	0.07793599504359813	1.444444444444445e-06
0.07801573313937127	0.07801573313937127	2.5555555555555574e-06
0.07809538981982267	0.07809538981982267	4.333333333333335e-06
0.0781749653338276	0.0781749653338276	4.9999999999999996e-06
0.07825445992899602	0.07825445992899602	3.888888888888887e-06
0.0783338738516814	0.0783338738516814	3.66666666666667e-06
0.07841320734698981	0.07841320734698981	3.4444444444444393e-06
0.07849246065878858	0.07849246065878858	3.2222222222222222e-06
0.07857163402971516	0.07857163402971516	3.4444444444444393e-06
0.0786507277011858	0.0786507277011858	4.333333333333335e-06
0.07872974191340397	0.07872974191340397	7.88888888888889e-06
0.07880867690536908	0.07880867690536908	4.9999999999999996e-06
0.0788875329148848	0.0788875329148848	5.222222222222217e-06
0.07896631017856744	0.07896631017856744	7.88888888888889e-06
0.07904500893185423	0.07904500893185423	3.66666666666667e-06
0.07912362940901153	0.07912362940901153	1.666666666666662e-06
0.07920217184314299	0.07920217184314299	1.8888888888888926e-06
0.07928063646619757	0.07928063646619757	2.1111111111111097e-06
0.07935902350897757	0.07935902350897757	1.8888888888888926e-06
0.0794373332011465	0.0794373332011465	2.5555555555555574e-06
0.07951556577123703	0.07951556577123703	2.9999999999999916e-06
0.07959372144665865	0.07959372144665865	1.8888888888888926e-06
0.07967180045370546	0.07967180045370546	1.666666666666662e-06
0.0797498030175638	0.0797498030175638	1.666666666666662e-06
0.07982772936231981	0.07982772936231981	2.5555555555555574e-06
0.07990557971096694	0.07990557971096694	5.222222222222217e-06
0.07998335428541344	0.07998335428541344	7.666666666666659e-06
0.08006105330648965	0.08006105330648965	4.777777777777769e-06
0.08013867699395544	0.08013867699395544	2.9999999999999916e-06
0.08021622556650732	0.08021622556650732	2.333333333333327e-06
0.08029369924178574	0.08029369924178574	2.9999999999999916e-06
0.0803710982363822	0.0803710982363822	4.333333333333335e-06
0.08044842276584624	0.08044842276584624	2.1111111111111097e-06
0.0805256730446925	0.0805256730446925	2.1111111111111097e-06
0.08060284928640774	0.08060284928640774	2.7777777777777745e-06
0.0806799517034575	0.0806799517034575	7.666666666666659e-06
0.08075698050729319	0.08075698050729319	6.777777777777777e-06
0.08083393590835865	0.08083393590835865	4.777777777777769e-06
0.08091081811609697	0.08091081811609697	4.111111111111104e-06
0.08098762733895713	0.08098762733895713	4.333333333333335e-06
0.08106436378440053	0.08106436378440053	2.5555555555555574e-06
0.0811410276589076	0.0811410276589076	2.1111111111111097e-06
0.08121761916798424	0.08121761916798424	2.1111111111111097e-06
0.08129413851616826	0.08129413851616826	5.8888888888888814e-06
0.08137058590703573	0.08137058590703573	5.8888888888888814e-06
0.08144696154320737	0.08144696154320737	6.55555555555556e-06
0.08152326562635472	0.08152326562635472	6.777777777777777e-06
0.0815994983572064	0.0815994983572064	4.111111111111104e-06
0.08167565993555428	0.08167565993555428	3.2222222222222222e-06
0.08175175056025961	0.08175175056025961	3.2222222222222222e-06
0.08182777042925901	0.08182777042925901	4.333333333333335e-06
0.0819037197395705	0.0819037197395705	4.777777777777769e-06
0.0819795986872995	0.0819795986872995	4.111111111111104e-06
0.08205540746764468	0.08205540746764468	1.2222222222222143e-06
0.0821311462749039	0.0821311462749039	9.999999999999972e-07
0.08220681530247986	0.08220681530247986	1.2222222222222143e-06
0.0822824147428861	0.0822824147428861	2.333333333333327e-06
0.08235794478775248	0.08235794478775248	1.666666666666662e-06
0.08243340562783098	0.08243340562783098	1.444444444444445e-06
0.08250879745300133	0.08250879745300133	9.999999999999972e-07
0.08258412045227648	0.08258412045227648	9.999999999999972e-07
0.08265937481380822	0.08265937481380822	1.666666666666662e-06
0.08273456072489264	0.08273456072489264	2.1111111111111097e-06
0.08280967837197555	0.08280967837197555	2.333333333333327e-06
0.08288472794065792	0.08288472794065792	1.2222222222222143e-06
0.08295970961570112	0.08295970961570112	7.777777777777801e-07
0.08303462358103242	0.08303462358103242	5.555555555555495e-07
0.08310947001975004	0.08310947001975004	3.333333333333324e-07
0.08318424911412851	0.08318424911412851	2.1111111111111097e-06
0.08325896104562383	0.08325896104562383	9.999999999999972e-07
0.08333360599487853	0.08333360599487853	9.999999999999972e-07
0.08340818414172685	0.08340818414172685	1.666666666666662e-06
0.08348269566519978	0.08348269566519978	1.666666666666662e-06
0.08355714074353003	0.08355714074353003	1.8888888888888926e-06
0.08363151955415707	0.08363151955415707	1.444444444444445e-06
0.08370583227373199	0.08370583227373199	1.444444444444445e-06
0.08378007907812245	0.08378007907812245	2.333333333333327e-06
0.08385426014241751	0.08385426014241751	2.7777777777777745e-06
0.08392837564093249	0.08392837564093249	4.111111111111104e-06
0.08400242574721367	0.08400242574721367	1.666666666666662e-06
0.08407641063404307	0.08407641063404307	1.666666666666662e-06
0.08415033047344322	0.08415033047344322	2.9999999999999916e-06
0.08422418543668173	0.08422418543668173	1.8888888888888926e-06
0.0842979756942759	0.0842979756942759	1.444444444444445e-06
0.08437170141599747	0.08437170141599747	5.555555555555495e-07
0.08444536277087698	0.08444536277087698	4.111111111111104e-06
0.08451895992720847	0.08451895992720847	3.333333333333324e-07
0.08459249305255383	0.08459249305255383	2.5555555555555574e-06
0.0846659623137473	0.0846659623137473	2.5555555555555574e-06
0.08473936787689992	0.08473936787689992	1.2222222222222143e-06
0.08481270990740387	0.08481270990740387	7.777777777777801e-07
0.0848859885699368	0.0848859885699368	7.777777777777801e-07
0.08495920402846623	0.08495920402846623	9.999999999999972e-07
0.08503235644625369	0.08503235644625369	3.333333333333324e-07
0.08510544598585913	0.08510544598585913	5.555555555555495e-07
0.085178472809145	0.085178472809145	9.999999999999972e-07
0.08525143707728054	0.08525143707728054	2.333333333333327e-06
0.08532433895074581	0.08532433895074581	1.2222222222222143e-06
0.08539717858933595	0.08539717858933595	1.2222222222222143e-06
0.0854699561521651	0.0854699561521651	1.8888888888888926e-06
0.08554267179767061	0.08554267179767061	1.666666666666662e-06
0.08561532568361699	0.08561532568361699	1.8888888888888926e-06
0.08568791796709992	0.08568791796709992	2.1111111111111097e-06
0.08576044880455015	0.08576044880455015	1.444444444444445e-06
0.08583291835173758	0.08583291835173758	1.444444444444445e-06
0.08590532676377499	0.08590532676377499	9.999999999999972e-07
0.08597767419512203	0.08597767419512203	9.999999999999972e-07
0.08604996079958906	0.08604996079958906	1.444444444444445e-06
0.08612218673034085	0.08612218673034085	1.8888888888888926e-06
0.08619435213990052	0.08619435213990052	1.666666666666662e-06
0.08626645718015323	0.08626645718015323	9.999999999999972e-07
0.08633850200234987	0.08633850200234987	5.555555555555495e-07
0.08641048675711081	0.08641048675711081	3.333333333333324e-07
0.08648241159442957	0.08648241159442957	5.555555555555495e-07
0.08655427666367646	0.08655427666367646	5.555555555555495e-07
0.0866260821136022	0.0866260821136022	5.555555555555495e-07
