0.10033444999999996	3.0702574562176022e-06	0.0	1.0277014566289567e-05
0.11036789000000012	3.0631164998531203e-06	0.0	1.0277014566289567e-05
0.12040134000000002	3.0547852168143926e-06	0.0	1.0282261738412727e-05
0.13043477999999997	3.050159212367676e-06	0.0	1.0287115278224222e-05
0.14046823000000008	3.0455211155757024e-06	0.0	1.0286014320552425e-05
0.15050167000000003	3.039986921111042e-06	0.0	1.02773044292901e-05
0.16053512000000014	3.0345763299233868e-06	0.0	1.0266593028077748e-05
0.1705685600000001	3.030205592994924e-06	0.0	1.0254816137792148e-05
0.18060201	3.025291843094993e-06	0.0	1.0242909822892835e-05
0.19063545000000004	3.0186921982605934e-06	0.0	1.0231810101874728e-05
0.20066890000000004	3.013898759601965e-06	0.0	1.022245303784754e-05
0.21070234	3.0080701073932284e-06	0.0	1.0206347385219723e-05
0.22073579000000007	2.9996237833141806e-06	0.0	1.0177962118987608e-05
0.23076923000000005	2.99123743305217e-06	0.0	1.0161158673231734e-05
0.24080268000000005	2.983212054285618e-06	0.0	1.0139111419233512e-05
0.25083612	2.9736345318611536e-06	0.0	1.011178395618784e-05
0.26086957	2.9617235323551094e-06	0.0	1.0081982821655732e-05
0.27090301000000006	2.950144509009596e-06	0.0	1.00525144713233e-05
0.28093645	2.9343939667976418e-06	0.0	1.0026185362203372e-05
0.29096990000000006	2.9184562281726636e-06	0.0	9.986826716614256e-06
0.30100334000000006	2.899315338664066e-06	0.0	9.959588034783961e-06
0.31103678999999995	2.879255785502022e-06	0.0	9.925867967601949e-06
0.3210702299999999	2.8619518105175687e-06	0.0	9.889961423185408e-06
0.33110368	2.8447834774223657e-06	0.0	9.849993139994898e-06
0.34113712	2.8278898808517215e-06	0.0	9.806897402750767e-06
0.35117057000000007	2.814471331527069e-06	0.0	9.766048392360585e-06
0.3612040100000002	2.803753899231114e-06	0.0	9.732820129543641e-06
0.3712374599999999	2.7925527946257225e-06	0.0	9.710273765112324e-06
0.3812709000000001	2.7824801035401906e-06	0.0	9.676229506791886e-06
0.39130435	2.7751146249283943e-06	0.0	9.65523511304473e-06
0.4013377900000001	2.7703523032818287e-06	0.0	9.62790166147097e-06
0.41137124000000014	2.7661724468507367e-06	0.0	9.598157495681504e-06
0.42140468	2.763461456280249e-06	0.0	9.56587075780836e-06
0.4314381299999999	2.763196245679169e-06	0.0	9.534951387581e-06
0.44147157	2.7633724547720285e-06	0.0	9.509309203933853e-06
0.4515050199999999	2.7623138303276364e-06	0.0	9.486461865874627e-06
0.4615384600000001	2.7577575810641313e-06	0.0	9.453729055084535e-06
0.47157191	2.75347391069432e-06	0.0	9.422666581197106e-06
0.48160534999999993	2.745259111013343e-06	0.0	9.39720067261539e-06
0.4916388	2.732605643250768e-06	0.0	9.352408825744147e-06
0.50167224	2.719690724512083e-06	0.0	9.308042036347196e-06
0.5117056900000001	2.7053389489425795e-06	0.0	9.262858820264435e-06
0.52173913	2.689901541953173e-06	0.0	9.225120612874816e-06
0.5317725799999999	2.6750141901596367e-06	0.0	9.192638362290128e-06
0.5418060199999999	2.6592611450449047e-06	0.0	9.143430149385785e-06
0.5518394599999998	2.6435616259250087e-06	0.0	9.113889051352842e-06
0.56187291	2.62978289501012e-06	0.0	9.075354036260178e-06
0.5719063500000001	2.617107188532089e-06	0.0	9.028693379509847e-06
0.5819398	2.604963884644951e-06	0.0	8.981390917807147e-06
0.59197324	2.5928696626770466e-06	0.0	8.940930310502622e-06
0.6020066899999998	2.5835173285300365e-06	0.0	8.909679439689307e-06
0.61204013	2.575177095385868e-06	0.0	8.873160986603176e-06
0.6220735800000001	2.566310416923612e-06	0.0	8.84633368369814e-06
0.6321070200000002	2.5581860476061167e-06	0.0	8.812368745815064e-06
0.64214047	2.550843003447592e-06	0.0	8.769423484082357e-06
0.6521739099999999	2.541214636577518e-06	0.0	8.723187237068494e-06
0.66220736	2.5312135799554115e-06	0.0	8.679349513549817e-06
0.6722408	2.523049355939604e-06	0.0	8.643599650315822e-06
0.6822742500000003	2.5097631853033223e-06	0.0	8.60035817463428e-06
0.6923076900000003	2.5000132860178926e-06	0.0	8.559283804722711e-06
0.7023411400000001	2.488403197118465e-06	0.0	8.513442783686078e-06
0.7123745800000001	2.477168949895885e-06	0.0	8.459694968297657e-06
0.7224080299999999	2.4665504636345185e-06	0.0	8.405363103101602e-06
0.7324414700000001	2.4553524258017136e-06	0.0	8.357769726934231e-06
0.7424749200000001	2.4421752715885226e-06	0.0	8.310333446214249e-06
0.75250836	2.428453123164507e-06	0.0	8.301492294809776e-06
0.7625418100000002	2.4151095467881808e-06	0.0	8.24410849844855e-06
0.77257525	2.3997790542895255e-06	0.0	8.208044518001666e-06
0.7826087000000002	2.385948758957106e-06	0.0	8.169065880062155e-06
0.7926421400000001	2.3740804501030774e-06	0.0	8.131180925965657e-06
0.80267559	2.3621301449634816e-06	0.0	8.098398144935836e-06
0.8127090299999998	2.35115660867532e-06	0.0	8.056749149928407e-06
0.82274247	2.340350334389323e-06	0.0	8.039914518891774e-06
0.83277592	2.3297424085350847e-06	0.0	8.029301367649998e-06
0.8428093600000002	2.317975269092449e-06	0.0	7.989333526561239e-06
0.85284281	2.3073111035125367e-06	0.0	7.960330785147137e-06
0.86287625	2.296404374562153e-06	0.0	7.927626478030345e-06
0.8729097	2.2821959351678808e-06	0.0	7.894649983115913e-06
0.8829431399999998	2.2711857239772405e-06	0.0	7.864830551942334e-06
0.8929765900000003	2.2614790414309563e-06	0.0	7.840149560082151e-06
0.90301003	2.2516932968036164e-06	0.0	7.821492329820499e-06
0.91304348	2.2436625365155647e-06	0.0	7.797690259057974e-06
0.92307692	2.2386887194986764e-06	0.0	7.789841292014886e-06
0.9331103699999999	2.2334229527201566e-06	0.0	7.753221061708945e-06
0.9431438100000001	2.2288998003902874e-06	0.0	7.724803414739148e-06
0.95317726	2.2232150605228766e-06	0.0	7.692044724507921e-06
0.9632107	2.214921616791279e-06	0.0	7.658302670182676e-06
0.97324415	2.204365065377396e-06	0.0	7.626935059026906e-06
0.98327759	2.1923970975267706e-06	0.0	7.60129957298091e-06
0.9933110400000001	2.180814977074024e-06	0.0	7.573542396588565e-06
1.0033444800000002	2.168117015707372e-06	0.0	7.556283111907491e-06
1.01337793	2.1587127686254304e-06	0.0	7.522219651825338e-06
1.02341137	2.15066274015302e-06	0.0	7.4997883197218206e-06
1.03344482	2.144022058023953e-06	0.0	7.474139737115387e-06
1.04347826	2.1372793724563318e-06	0.0	7.447521439850973e-06
1.0535117100000002	2.1295885273242488e-06	0.0	7.422181064972041e-06
1.06354515	2.1227760384870223e-06	0.0	7.40036614893789e-06
1.0735786	2.1167097245177715e-06	0.0	7.371516626749735e-06
1.08361204	2.1086978945679525e-06	0.0	7.360246579780605e-06
1.09364548	2.0992269853135734e-06	0.0	7.347460992359274e-06
1.10367893	2.0921442179791862e-06	0.0	7.332690356831963e-06
1.11371237	2.081320063866332e-06	0.0	7.314432508540493e-06
1.12374582	2.075888743711936e-06	0.0	7.294204190395916e-06
1.1337792600000003	2.067096312888859e-06	0.0	7.273522070609045e-06
1.14381271	2.0571418086818863e-06	0.0	7.2539028969233155e-06
1.15384615	2.0466824184747457e-06	0.0	7.236863338763768e-06
1.1638796	2.0372908044876306e-06	0.0	7.2108565694322275e-06
1.17391304	2.02958268406934e-06	0.0	7.206048553541053e-06
1.1839464900000003	2.0204394076363365e-06	0.0	7.1889243030907245e-06
1.1939799300000002	2.010856546103248e-06	0.0	7.173398490179408e-06
1.20401338	2.00318449399304e-06	0.0	7.156208349985675e-06
1.21404682	1.997039647924521e-06	0.0	7.135735460357843e-06
1.22408027	1.99096996088751e-06	0.0	7.113628968844044e-06
1.23411371	1.9828258439111425e-06	0.0	7.091537940308992e-06
1.2441471600000003	1.9753498387335514e-06	0.0	7.071111525526313e-06
1.2541806000000002	1.9688400943638863e-06	0.0	7.053998792709678e-06
1.26421405	1.9622255659536303e-06	0.0	7.041708417533044e-06
1.27424749	1.95425161829236e-06	0.0	7.025848054647466e-06
1.2842809399999997	1.9475149610198447e-06	0.0	7.0125962101494785e-06
1.29431438	1.942208981749412e-06	0.0	7.007796714284072e-06
1.30434783	1.935084407967902e-06	0.0	7.007831487879913e-06
1.31438127	1.92993030588734e-06	0.0	7.008063816984919e-06
1.3244147200000003	1.924593387033089e-06	0.0	7.008424579905647e-06
1.3344481600000002	1.91949821125619e-06	0.0	7.008844656039031e-06
1.34448161	1.9132123064997945e-06	0.0	7.00925492331738e-06
1.35451505	1.908216313311444e-06	0.0	7.009586260968372e-06
1.36454849	1.9040787101843247e-06	0.0	7.008256257961542e-06
1.37458194	1.8992865980586736e-06	0.0	7.005649248998639e-06
1.3846153799999998	1.8954659416925315e-06	0.0	7.004462382725646e-06
1.3946488299999995	1.8917907545577809e-06	0.0	6.998095303926638e-06
1.4046822699999997	1.885869469738495e-06	0.0	6.992535105779973e-06
1.41471572	1.8795476562078875e-06	0.0	6.986040064259669e-06
1.42474916	1.872785919660556e-06	0.0	6.979211033139576e-06
1.4347826100000003	1.863560833320488e-06	0.0	6.972648891954368e-06
1.4448160500000002	1.855526177766396e-06	0.0	6.966954494344139e-06
1.4548495	1.846304942148924e-06	0.0	6.95913633048518e-06
1.46488294	1.8365042839610689e-06	0.0	6.960749504249024e-06
1.47491639	1.8261327256424889e-06	0.0	6.960500144562328e-06
1.48494983	1.815998994972432e-06	0.0	6.955698066468062e-06
1.4949832799999998	1.8045437777014616e-06	0.0	6.955735276505734e-06
1.5050167199999995	1.7931387908938668e-06	0.0	6.953538496080686e-06
1.51505017	1.7818177316217087e-06	0.0	6.950731505908456e-06
1.52508361	1.7695455345743152e-06	0.0	6.947541973133287e-06
1.53511706	1.7577172976673894e-06	0.0	6.944197576549931e-06
1.5451505000000003	1.7433525302296472e-06	0.0	6.940925982231404e-06
1.5551839500000002	1.729343039735496e-06	0.0	6.937954869136032e-06
1.56521739	1.714752640126056e-06	0.0	6.932186493037908e-06
1.57525084	1.7012963988176845e-06	0.0	6.92585150995542e-06
1.58528428	1.6847991045418388e-06	0.0	6.9177218638992805e-06
1.5953177299999999	1.666419280505771e-06	0.0	6.911575823182188e-06
1.6053511699999998	1.6512061772191287e-06	0.0	6.904358799808404e-06
1.6153846199999995	1.6358122816625344e-06	0.0	6.8985622871255595e-06
1.62541806	1.61869155421555e-06	0.0	6.892141573620791e-06
1.63545151	1.6013651496314507e-06	0.0	6.885565886223201e-06
1.64548495	1.5847675349964875e-06	0.0	6.879304432507374e-06
1.65551839	1.5668919392954896e-06	0.0	6.873826421300641e-06
1.6655518400000007	1.5504052766513388e-06	0.0	6.863339008399704e-06
1.6755852800000006	1.5295495016326256e-06	0.0	6.8581474152768885e-06
1.68561873	1.508111071257854e-06	0.0	6.85698226851602e-06
1.69565217	1.4870611403512067e-06	0.0	6.853925258587263e-06
1.70568562	1.4656366271699396e-06	0.0	6.856526807399788e-06
1.7157190599999999	1.4425362029369772e-06	0.0	6.836420747914488e-06
1.7257525099999995	1.418995613395826e-06	0.0	6.810360697387349e-06
1.7357859499999997	1.3969618683964911e-06	0.0	6.7820747555225285e-06
1.7458194000000005	1.3698963982076127e-06	0.0	6.755291125399553e-06
1.7558528400000004	1.3448673095446063e-06	0.0	6.733737905280248e-06
1.7658862900000003	1.3205291712185565e-06	0.0	6.7150997374004895e-06
1.7759197300000003	1.2948187571536508e-06	0.0	6.694801490889221e-06
1.78595318	1.2697847397503038e-06	0.0	6.670989841195544e-06
1.79598662	1.248539855016806e-06	0.0	6.653729836767689e-06
1.8060200700000004	1.2257688705836876e-06	0.0	6.6338443540899774e-06
1.8160535100000004	1.204056584815536e-06	0.0	6.614288111993663e-06
1.82608696	1.1849014735528597e-06	0.0	6.590497233976105e-06
1.8361204	1.164036196026508e-06	0.0	6.571680588562062e-06
1.84615385	1.1411308488606787e-06	0.0	6.551567370901565e-06
1.85618729	1.1168990515982836e-06	0.0	6.527531768593147e-06
1.8662207400000004	1.093689090368528e-06	0.0	6.504778187008025e-06
1.8762541800000003	1.067268939405679e-06	0.0	6.487062873846514e-06
1.88628763	1.0410771623182115e-06	0.0	6.471292222266886e-06
1.89632107	1.014872847365882e-06	0.0	6.450748432588639e-06
1.90635452	9.85906069993785e-07	0.0	6.425594897883604e-06
1.91638796	9.591329846789258e-07	0.0	6.398969339792893e-06
1.9264214	9.317599127673472e-07	0.0	6.3740094740891466e-06
1.93645485	9.043258144279753e-07	0.0	6.353853091908531e-06
1.94648829	8.78623505995786e-07	0.0	6.342392502933728e-06
1.95652174	8.536996745825022e-07	0.0	6.322422182303875e-06
1.96655518	8.279763588248202e-07	0.0	6.308187928908278e-06
1.97658863	8.092153321528596e-07	0.0	6.29370689277084e-06
1.98662207	7.882216000983023e-07	0.0	6.2770918392318365e-06
1.99665552	7.682535490604893e-07	0.0	6.260925080417134e-06
2.00668896	7.526120264261028e-07	0.0	6.246630658178911e-06
2.01672241	7.367020583970052e-07	0.0	6.23404970413449e-06
2.02675585	7.216079105906339e-07	0.0	6.22547553384225e-06
2.0367893	7.068627841801136e-07	0.0	6.213796472336714e-06
2.04682274	6.943639060381135e-07	0.0	6.2073115391361244e-06
2.0568561899999995	6.837964510100215e-07	0.0	6.2045600315080345e-06
2.0668896299999995	6.751851629342533e-07	0.0	6.196793851295676e-06
2.07692308	6.673907379041122e-07	0.0	6.201094123096565e-06
2.0869565200000006	6.626851338192941e-07	0.0	6.207255554772325e-06
2.09698997	6.584920380512416e-07	0.0	6.21472414363404e-06
2.10702341	6.545049642109824e-07	0.0	6.222718767646556e-06
2.117056860000001	6.529436196037743e-07	0.0	6.230458274989432e-06
2.1270903000000008	6.542031611360201e-07	0.0	6.237161544167549e-06
2.13712375	6.565997136543445e-07	0.0	6.255852310398249e-06
2.14715719	6.606904507454072e-07	0.0	6.274401446830134e-06
2.15719064	6.673119052164213e-07	0.0	6.302833094821207e-06
2.1672240800000004	6.726410125555039e-07	0.0	6.326722501629028e-06
2.1772575299999994	6.790981211282477e-07	0.0	6.353300143791075e-06
2.1872909699999994	6.866380603256773e-07	0.0	6.3848668953468095e-06
2.19732441	6.94158322352312e-07	0.0	6.422839004391517e-06
2.207357860000001	7.023767725840857e-07	0.0	6.460870942641376e-06
2.217391300000001	7.118369188529174e-07	0.0	6.504544878520688e-06
2.22742475	7.215390220807994e-07	0.0	6.5424142947384524e-06
2.23745819	7.316925530221652e-07	0.0	6.576138166540452e-06
2.2474916400000007	7.434267697202103e-07	0.0	6.633882014823885e-06
2.2575250800000006	7.568628047643491e-07	0.0	6.703964012603686e-06
2.26755853	7.722756282364321e-07	0.0	6.7721364002909565e-06
2.2775919699999996	7.896577888663249e-07	0.0	6.824151674950344e-06
2.2876254200000004	8.091174281920589e-07	0.0	6.874084730984942e-06
2.2976588600000003	8.282195475723487e-07	0.0	6.940583677445528e-06
2.30769231	8.482894084934169e-07	0.0	7.025253783194762e-06
2.31772575	8.698207563015359e-07	0.0	7.113716745409843e-06
2.327759200000001	8.90970138434557e-07	0.0	7.1774283501738084e-06
2.337792640000001	9.110482181315361e-07	0.0	7.232133016761613e-06
2.34782609	9.298663525586393e-07	0.0	7.294486281650094e-06
2.35785953	9.464253416717263e-07	0.0	7.358384739641789e-06
2.3678929800000006	9.59685239680779e-07	0.0	7.410570415599262e-06
2.3779264200000005	9.691280072433742e-07	0.0	7.462657002862983e-06
2.3879598699999995	9.767507041092128e-07	0.0	7.521685482032785e-06
2.3979933099999995	9.812164203196017e-07	0.0	7.56892110169929e-06
2.40802676	9.855904833658613e-07	0.0	7.593241150427512e-06
2.4180602	9.88583902435607e-07	0.0	7.615266530397515e-06
2.42809365	9.89155554869754e-07	0.0	7.641495279767536e-06
2.43812709	9.889953696963418e-07	0.0	7.669579470000506e-06
2.44816054	9.890521692108382e-07	0.0	7.697171067415771e-06
2.45819398	9.890108748930372e-07	0.0	7.721922123719904e-06
2.46822742	9.890859318690982e-07	0.0	7.741484679295174e-06
2.47826087	9.889420678191808e-07	0.0	7.76141965882941e-06
2.48829431	9.86628378266601e-07	0.0	7.79138156028111e-06
2.4983277600000005	9.813433371251358e-07	0.0	7.811946401759756e-06
2.5083612000000004	9.7326234800289e-07	0.0	7.824110581685083e-06
2.5183946499999994	9.605952856099536e-07	0.0	7.83803075510272e-06
2.52842809	9.42611705088601e-07	0.0	7.85246996016701e-06
2.53846154	9.212681966811176e-07	0.0	7.866191180146418e-06
2.54849498	8.964004804291783e-07	0.0	7.877957452798705e-06
2.558528430000001	8.683085660507861e-07	0.0	7.891371768942167e-06
2.568561870000001	8.383992069273205e-07	0.0	7.874262548434199e-06
2.57859532	8.050142952154805e-07	0.0	7.858727627700554e-06
2.58862876	7.665038578415585e-07	0.0	7.84548514856723e-06
2.59866221	7.263751840175893e-07	0.0	7.814777926079392e-06
2.6086956499999996	6.843630493109455e-07	0.0	7.777546141589156e-06
2.6187291000000004	6.354915294222297e-07	0.0	7.738971896676006e-06
2.6287625400000003	5.844216827171844e-07	0.0	7.704237148699093e-06
2.6387959900000006	5.327557471412892e-07	0.0	7.661387331808759e-06
2.6488294300000006	4.7171528522842243e-07	0.0	7.649195920142674e-06
2.65886288	3.903762141321221e-07	0.0	7.573199171857654e-06
2.66889632	3.1649735714069265e-07	0.0	7.484024689181694e-06
2.6789297700000008	2.3138715059062514e-07	0.0	7.383838190715493e-06
2.6889632100000007	1.464174340319602e-07	0.0	7.295719205698055e-06
2.69899666	0.0	0.0	7.217288150608235e-06
2.7090301	0.0	0.0	7.101853933586626e-06
2.7190635499999996	0.0	0.0	6.990421898286366e-06
2.7290969899999995	0.0	0.0	6.932971702158971e-06
2.7391304299999994	0.0	0.0	6.840216489612452e-06
2.74916388	0.0	0.0	6.727194290834815e-06
2.75919732	0.0	0.0	6.60677114996204e-06
2.769230770000001	0.0	0.0	6.533929751985969e-06
2.779264210000001	0.0	0.0	6.435659002281027e-06
2.78929766	0.0	0.0	6.294209587437943e-06
2.7993311	0.0	0.0	6.169517612245728e-06
2.8093645500000006	0.0	0.0	6.062409726421413e-06
2.8193979900000006	0.0	0.0	5.8976456212146325e-06
2.8294314399999996	0.0	0.0	5.765793326566031e-06
2.8394648799999995	0.0	0.0	5.637825185003376e-06
2.8494983299999994	0.0	0.0	5.449652908748117e-06
2.85953177	0.0	0.0	5.321869651593431e-06
2.86956522	0.0	0.0	5.14457283721066e-06
2.87959866	0.0	0.0	4.886210567048392e-06
2.889632110000001	0.0	0.0	4.717248754252541e-06
2.899665550000001	0.0	0.0	4.504367369908601e-06
2.909699	0.0	0.0	4.2481894348858625e-06
2.91973244	0.0	0.0	4.0035222942894325e-06
