0.0	0.0	2.8160919540229884e-11
0.0006024096385542181	0.0006024096385542181	2.8160919540229884e-11
0.0012048192771084362	0.0012048192771084362	2.7931034482758622e-11
0.0018072289156626509	0.0018072289156626509	2.7931034482758622e-11
0.002409638554216869	0.002409638554216869	2.770114942528736e-11
0.0030120481927710836	0.0030120481927710836	2.7471264367816092e-11
0.0036144578313253017	0.0036144578313253017	2.724137931034483e-11
0.004216867469879516	0.004216867469879516	2.7126436781609196e-11
0.004819277108433738	0.004819277108433738	2.7011494252873568e-11
0.005421686746987953	0.005421686746987953	2.67816091954023e-11
0.006024096385542167	0.006024096385542167	2.6551724137931037e-11
0.006626506024096389	0.006626506024096389	2.6436781609195403e-11
0.0072289156626506035	0.0072289156626506035	2.620689655172414e-11
0.007831325301204818	0.007831325301204818	2.5977011494252873e-11
0.00843373493975904	0.00843373493975904	2.574712643678161e-11
0.009036144578313254	0.009036144578313254	2.5632183908045976e-11
0.009638554216867469	0.009638554216867469	2.5402298850574714e-11
0.01024096385542169	0.01024096385542169	2.5172413793103452e-11
0.010843373493975905	0.010843373493975905	2.4942528735632184e-11
0.01144578313253012	0.01144578313253012	2.4712643678160922e-11
0.012048192771084341	0.012048192771084341	2.448275862068966e-11
0.012650602409638556	0.012650602409638556	2.425287356321839e-11
0.01325301204819277	0.01325301204819277	2.402298850574713e-11
0.013855421686746992	0.013855421686746992	2.402298850574713e-11
0.014457831325301207	0.014457831325301207	2.3793103448275867e-11
0.015060240963855422	0.015060240963855422	2.35632183908046e-11
0.015662650602409643	0.015662650602409643	2.3333333333333337e-11
0.016265060240963858	0.016265060240963858	2.3218390804597703e-11
0.016867469879518072	0.016867469879518072	2.3103448275862075e-11
0.017469879518072294	0.017469879518072294	2.2873563218390806e-11
0.01807228915662651	0.01807228915662651	2.2643678160919544e-11
0.018674698795180723	0.018674698795180723	2.252873563218391e-11
0.019277108433734945	0.019277108433734945	2.2413793103448276e-11
0.01987951807228916	0.01987951807228916	2.2298850574712648e-11
0.020481927710843374	0.020481927710843374	2.2183908045977014e-11
0.021084337349397596	0.021084337349397596	2.206896551724138e-11
0.02168674698795181	0.02168674698795181	2.1839080459770118e-11
0.022289156626506025	0.022289156626506025	2.1724137931034483e-11
0.022891566265060247	0.022891566265060247	2.1609195402298856e-11
0.02349397590361446	0.02349397590361446	2.149425287356322e-11
0.024096385542168676	0.024096385542168676	2.1379310344827587e-11
0.024698795180722898	0.024698795180722898	2.126436781609196e-11
0.025301204819277112	0.025301204819277112	2.1149425287356325e-11
0.025903614457831327	0.025903614457831327	2.103448275862069e-11
0.02650602409638555	0.02650602409638555	2.0919540229885063e-11
0.027108433734939763	0.027108433734939763	2.080459770114943e-11
0.027710843373493978	0.027710843373493978	2.0689655172413795e-11
0.0283132530120482	0.0283132530120482	2.0574712643678167e-11
0.028915662650602414	0.028915662650602414	2.0459770114942533e-11
0.02951807228915663	0.02951807228915663	2.0459770114942533e-11
0.03012048192771085	0.03012048192771085	2.022988505747127e-11
0.030722891566265065	0.030722891566265065	2.022988505747127e-11
0.03132530120481928	0.03132530120481928	2.022988505747127e-11
0.031927710843373494	0.031927710843373494	2.022988505747127e-11
0.032530120481927716	0.032530120481927716	2.022988505747127e-11
0.03313253012048193	0.03313253012048193	2.022988505747127e-11
0.033734939759036145	0.033734939759036145	2.022988505747127e-11
0.034337349397590367	0.034337349397590367	2.022988505747127e-11
0.03493975903614458	0.03493975903614458	2.022988505747127e-11
0.0355421686746988	0.0355421686746988	2.022988505747127e-11
0.03614457831325301	0.03614457831325301	2.022988505747127e-11
0.03674698795180723	0.03674698795180723	2.022988505747127e-11
0.037349397590361454	0.037349397590361454	2.022988505747127e-11
0.03795180722891566	0.03795180722891566	2.022988505747127e-11
0.03855421686746988	0.03855421686746988	2.0459770114942533e-11
0.039156626506024104	0.039156626506024104	2.0459770114942533e-11
0.03975903614457831	0.03975903614457831	2.0574712643678167e-11
0.040361445783132534	0.040361445783132534	2.0689655172413795e-11
0.040963855421686755	0.040963855421686755	2.080459770114943e-11
0.04156626506024096	0.04156626506024096	2.103448275862069e-11
0.042168674698795185	0.042168674698795185	2.1379310344827587e-11
0.042771084337349406	0.042771084337349406	2.1724137931034483e-11
0.043373493975903614	0.043373493975903614	2.1954022988505752e-11
0.043975903614457836	0.043975903614457836	2.2413793103448276e-11
0.04457831325301206	0.04457831325301206	2.2873563218390806e-11
0.045180722891566265	0.045180722891566265	2.3333333333333337e-11
0.045783132530120486	0.045783132530120486	2.3908045977011495e-11
0.04638554216867471	0.04638554216867471	2.4367816091954026e-11
0.046987951807228916	0.046987951807228916	2.4827586206896556e-11
0.04759036144578314	0.04759036144578314	2.528735632183908e-11
0.04819277108433736	0.04819277108433736	2.574712643678161e-11
0.04879518072289157	0.04879518072289157	2.620689655172414e-11
0.04939759036144579	0.04939759036144579	2.666666666666667e-11
0.05000000000000001	0.05000000000000001	2.724137931034483e-11
0.05060240963855422	0.05060240963855422	2.770114942528736e-11
0.05120481927710844	0.05120481927710844	2.8160919540229884e-11
0.05180722891566266	0.05180722891566266	2.8620689655172415e-11
0.05240963855421687	0.05240963855421687	2.8850574712643677e-11
0.05301204819277109	0.05301204819277109	2.931034482758621e-11
0.05361445783132531	0.05361445783132531	2.9655172413793104e-11
0.05421686746987952	0.05421686746987952	2.988505747126437e-11
0.05481927710843374	0.05481927710843374	3.022988505747127e-11
0.05542168674698796	0.05542168674698796	3.0574712643678165e-11
0.05602409638554217	0.05602409638554217	3.068965517241379e-11
0.05662650602409639	0.05662650602409639	3.091954022988506e-11
0.05722891566265061	0.05722891566265061	3.114942528735632e-11
0.05783132530120482	0.05783132530120482	3.126436781609196e-11
0.05843373493975904	0.05843373493975904	3.149425287356322e-11
0.059036144578313264	0.059036144578313264	3.149425287356322e-11
0.05963855421686747	0.05963855421686747	3.149425287356322e-11
0.06024096385542169	0.06024096385542169	3.149425287356322e-11
0.060843373493975915	0.060843373493975915	3.149425287356322e-11
0.06144578313253012	0.06144578313253012	3.149425287356322e-11
0.062048192771084344	0.062048192771084344	3.149425287356322e-11
0.06265060240963857	0.06265060240963857	3.149425287356322e-11
0.06325301204819278	0.06325301204819278	3.1379310344827585e-11
0.06385542168674699	0.06385542168674699	3.126436781609196e-11
0.06445783132530122	0.06445783132530122	3.126436781609196e-11
0.06506024096385543	0.06506024096385543	3.126436781609196e-11
0.06566265060240964	0.06566265060240964	3.126436781609196e-11
0.06626506024096387	0.06626506024096387	3.126436781609196e-11
0.06686746987951808	0.06686746987951808	3.126436781609196e-11
0.06746987951807229	0.06746987951807229	3.126436781609196e-11
0.06807228915662653	0.06807228915662653	3.126436781609196e-11
0.06867469879518073	0.06867469879518073	3.126436781609196e-11
0.06927710843373494	0.06927710843373494	3.126436781609196e-11
0.06987951807228918	0.06987951807228918	3.126436781609196e-11
0.07048192771084338	0.07048192771084338	3.126436781609196e-11
0.07108433734939759	0.07108433734939759	3.126436781609196e-11
0.07168674698795183	0.07168674698795183	3.126436781609196e-11
0.07228915662650603	0.07228915662650603	3.1379310344827585e-11
0.07289156626506024	0.07289156626506024	3.1379310344827585e-11
0.07349397590361448	0.07349397590361448	3.1379310344827585e-11
0.07409638554216869	0.07409638554216869	3.1379310344827585e-11
0.0746987951807229	0.0746987951807229	3.1379310344827585e-11
0.07530120481927713	0.07530120481927713	3.126436781609196e-11
0.07590361445783134	0.07590361445783134	3.126436781609196e-11
0.07650602409638554	0.07650602409638554	3.126436781609196e-11
0.07710843373493978	0.07710843373493978	3.149425287356322e-11
0.07771084337349399	0.07771084337349399	3.149425287356322e-11
0.0783132530120482	0.0783132530120482	3.149425287356322e-11
0.07891566265060243	0.07891566265060243	3.149425287356322e-11
0.07951807228915664	0.07951807228915664	3.172413793103448e-11
0.08012048192771085	0.08012048192771085	3.172413793103448e-11
0.08072289156626508	0.08072289156626508	3.172413793103448e-11
0.08132530120481929	0.08132530120481929	3.172413793103448e-11
0.0819277108433735	0.0819277108433735	3.172413793103448e-11
0.08253012048192773	0.08253012048192773	3.172413793103448e-11
0.08313253012048194	0.08313253012048194	3.1609195402298853e-11
0.08373493975903615	0.08373493975903615	3.149425287356322e-11
0.08433734939759038	0.08433734939759038	3.1379310344827585e-11
0.08493975903614459	0.08493975903614459	3.126436781609196e-11
0.0855421686746988	0.0855421686746988	3.114942528735632e-11
0.08614457831325303	0.08614457831325303	3.091954022988506e-11
0.08674698795180724	0.08674698795180724	3.091954022988506e-11
0.08734939759036145	0.08734939759036145	3.068965517241379e-11
0.08795180722891568	0.08795180722891568	3.0574712643678165e-11
0.08855421686746989	0.08855421686746989	3.0804597701149427e-11
0.0891566265060241	0.0891566265060241	3.1379310344827585e-11
0.08975903614457831	0.08975903614457831	3.2068965517241384e-11
0.09036144578313254	0.09036144578313254	3.264367816091954e-11
0.09096385542168675	0.09096385542168675	3.32183908045977e-11
0.09156626506024096	0.09156626506024096	3.39080459770115e-11
0.0921686746987952	0.0921686746987952	3.459770114942529e-11
0.0927710843373494	0.0927710843373494	3.517241379310345e-11
0.09337349397590361	0.09337349397590361	3.563218390804598e-11
0.09397590361445785	0.09397590361445785	3.597701149425288e-11
0.09457831325301205	0.09457831325301205	3.64367816091954e-11
0.09518072289156626	0.09518072289156626	3.666666666666667e-11
0.0957831325301205	0.0957831325301205	3.7126436781609193e-11
0.0963855421686747	0.0963855421686747	3.770114942528736e-11
0.09698795180722891	0.09698795180722891	3.839080459770115e-11
0.09759036144578315	0.09759036144578315	3.954022988505747e-11
0.09819277108433735	0.09819277108433735	4.091954022988506e-11
0.09879518072289159	0.09879518072289159	4.2298850574712644e-11
0.0993975903614458	0.0993975903614458	4.367816091954023e-11
0.1	0.1	4.436781609195402e-11
0.10060240963855424	0.10060240963855424	4.517241379310345e-11
0.10061	0.10061	nan
0.1607	0.1607	nan
0.16084337349397593	0.16084337349397593	1.5862068965517247e-11
0.16144578313253014	0.16144578313253014	1.551724137931035e-11
0.16204819277108437	0.16204819277108437	1.505747126436782e-11
0.16265060240963858	0.16265060240963858	1.4367816091954028e-11
0.16325301204819279	0.16325301204819279	1.4022988505747131e-11
0.16385542168674702	0.16385542168674702	1.4367816091954028e-11
0.16445783132530123	0.16445783132530123	1.4942528735632186e-11
0.16506024096385544	0.16506024096385544	1.632183908045977e-11
0.16566265060240967	0.16566265060240967	1.7931034482758625e-11
0.16626506024096388	0.16626506024096388	1.954022988505747e-11
0.1668674698795181	0.1668674698795181	2.126436781609196e-11
0.16746987951807232	0.16746987951807232	2.252873563218391e-11
0.16807228915662653	0.16807228915662653	2.3793103448275867e-11
0.16867469879518074	0.16867469879518074	2.4712643678160922e-11
0.16927710843373497	0.16927710843373497	2.5057471264367818e-11
0.16987951807228918	0.16987951807228918	2.528735632183908e-11
0.1704819277108434	0.1704819277108434	2.528735632183908e-11
0.17108433734939762	0.17108433734939762	2.5057471264367818e-11
0.17168674698795183	0.17168674698795183	2.4597701149425288e-11
0.17228915662650604	0.17228915662650604	2.4137931034482764e-11
0.17289156626506028	0.17289156626506028	2.344827586206897e-11
0.17349397590361448	0.17349397590361448	2.2873563218390806e-11
0.1740963855421687	0.1740963855421687	2.2183908045977014e-11
0.17469879518072293	0.17469879518072293	2.1379310344827587e-11
0.17530120481927713	0.17530120481927713	2.080459770114943e-11
0.17590361445783134	0.17590361445783134	2.0574712643678167e-11
0.17650602409638558	0.17650602409638558	2.080459770114943e-11
0.17710843373493979	0.17710843373493979	2.126436781609196e-11
0.177710843373494	0.177710843373494	2.1839080459770118e-11
0.17831325301204823	0.17831325301204823	2.2413793103448276e-11
0.17891566265060244	0.17891566265060244	2.3218390804597703e-11
0.17951807228915664	0.17951807228915664	2.402298850574713e-11
0.18012048192771088	0.18012048192771088	2.4827586206896556e-11
0.1807228915662651	0.1807228915662651	2.551724137931035e-11
0.1813253012048193	0.1813253012048193	2.6091954022988507e-11
0.18192771084337353	0.18192771084337353	2.666666666666667e-11
0.18253012048192774	0.18253012048192774	2.7126436781609196e-11
0.18313253012048195	0.18313253012048195	2.7471264367816092e-11
0.18373493975903618	0.18373493975903618	2.770114942528736e-11
0.1843373493975904	0.1843373493975904	2.7816091954022988e-11
0.1849397590361446	0.1849397590361446	2.7931034482758622e-11
0.18554216867469883	0.18554216867469883	2.7586206896551726e-11
0.18614457831325304	0.18614457831325304	2.724137931034483e-11
0.18674698795180725	0.18674698795180725	2.6551724137931037e-11
0.18734939759036148	0.18734939759036148	2.5632183908045976e-11
0.1879518072289157	0.1879518072289157	2.4712643678160922e-11
0.1885542168674699	0.1885542168674699	2.3908045977011495e-11
0.18915662650602413	0.18915662650602413	2.2758620689655172e-11
0.18975903614457834	0.18975903614457834	2.1724137931034483e-11
0.19036144578313255	0.19036144578313255	2.0689655172413795e-11
0.19096385542168678	0.19096385542168678	1.954022988505747e-11
0.191566265060241	0.191566265060241	1.8390804597701155e-11
0.1921686746987952	0.1921686746987952	1.7126436781609198e-11
0.19277108433734944	0.19277108433734944	1.609195402298851e-11
0.19337349397590364	0.19337349397590364	1.5402298850574717e-11
0.19397590361445785	0.19397590361445785	1.459770114942529e-11
0.1945783132530121	0.1945783132530121	1.3908045977011497e-11
0.1951807228915663	0.1951807228915663	1.3563218390804601e-11
0.1957831325301205	0.1957831325301205	1.3333333333333339e-11
0.19638554216867474	0.19638554216867474	1.3448275862068967e-11
0.19698795180722894	0.19698795180722894	1.3678160919540235e-11
0.19759036144578315	0.19759036144578315	1.3908045977011497e-11
0.1981927710843374	0.1981927710843374	1.413793103448276e-11
0.1987951807228916	0.1987951807228916	1.4482758620689662e-11
0.1993975903614458	0.1993975903614458	1.4827586206896558e-11
0.20000000000000004	0.20000000000000004	1.5287356321839082e-11
0.20060240963855425	0.20060240963855425	1.5747126436781613e-11
0.20120481927710845	0.20120481927710845	1.609195402298851e-11
0.2018072289156627	0.2018072289156627	1.6436781609195405e-11
0.2024096385542169	0.2024096385542169	1.6666666666666667e-11
0.2030120481927711	0.2030120481927711	1.6896551724137936e-11
0.20361445783132534	0.20361445783132534	1.67816091954023e-11
0.20421686746987955	0.20421686746987955	1.6206896551724143e-11
0.20481927710843376	0.20481927710843376	1.551724137931035e-11
0.20542168674698796	0.20542168674698796	1.459770114942529e-11
0.2060240963855422	0.2060240963855422	1.3563218390804601e-11
0.2066265060240964	0.2066265060240964	1.2528735632183912e-11
0.20722891566265061	0.20722891566265061	1.1149425287356327e-11
0.20783132530120485	0.20783132530120485	1.0000000000000004e-11
0.20843373493975906	0.20843373493975906	8.735632183908053e-12
0.20903614457831327	0.20903614457831327	7.816091954022992e-12
0.2096385542168675	0.2096385542168675	6.896551724137938e-12
0.2102409638554217	0.2102409638554217	6.2068965517241455e-12
0.21084337349397592	0.21084337349397592	5.862068965517249e-12
0.21144578313253015	0.21144578313253015	5.632183908045981e-12
0.21204819277108436	0.21204819277108436	5.632183908045981e-12
0.21265060240963857	0.21265060240963857	5.862068965517249e-12
0.2132530120481928	0.2132530120481928	6.2068965517241455e-12
0.213855421686747	0.213855421686747	6.4367816091954075e-12
0.21445783132530122	0.21445783132530122	6.896551724137938e-12
0.21506024096385545	0.21506024096385545	7.356321839080462e-12
0.21566265060240966	0.21566265060240966	7.816091954022992e-12
0.21626506024096387	0.21626506024096387	8.045977011494255e-12
0.2168674698795181	0.2168674698795181	8.505747126436785e-12
0.2174698795180723	0.2174698795180723	8.850574712643681e-12
0.21807228915662652	0.21807228915662652	9.08045977011495e-12
0.21867469879518076	0.21867469879518076	1.0114942528735638e-11
0.21927710843373496	0.21927710843373496	1.2068965517241382e-11
0.21987951807228917	0.21987951807228917	1.3908045977011497e-11
0.2204819277108434	0.2204819277108434	1.6666666666666667e-11
0.2210843373493976	0.2210843373493976	1.954022988505747e-11
0.22168674698795182	0.22168674698795182	2.2298850574712648e-11
0.22228915662650603	0.22228915662650603	2.5057471264367818e-11
0.22289156626506026	0.22289156626506026	2.67816091954023e-11
0.2234939759036145	0.2234939759036145	2.8390804597701153e-11
0.22409638554216868	0.22409638554216868	3e-11
0.22469879518072292	0.22469879518072292	3.068965517241379e-11
0.22530120481927715	0.22530120481927715	3.068965517241379e-11
0.22590361445783133	0.22590361445783133	3e-11
0.22650602409638557	0.22650602409638557	2.873563218390805e-11
0.2271084337349398	0.2271084337349398	2.6321839080459775e-11
0.22771084337349398	0.22771084337349398	2.3908045977011495e-11
0.22831325301204822	0.22831325301204822	2.1149425287356325e-11
0.22891566265060245	0.22891566265060245	1.8390804597701155e-11
0.22951807228915663	0.22951807228915663	1.5747126436781613e-11
0.23012048192771087	0.23012048192771087	1.3218390804597705e-11
0.2307228915662651	0.2307228915662651	1.1494252873563223e-11
0.23132530120481928	0.23132530120481928	1.0229885057471266e-11
0.23192771084337352	0.23192771084337352	8.965517241379315e-12
0.23253012048192775	0.23253012048192775	8.160919540229889e-12
0.23313253012048193	0.23313253012048193	7.701149425287358e-12
0.23373493975903617	0.23373493975903617	8.045977011494255e-12
0.2343373493975904	0.2343373493975904	8.62068965517242e-12
0.23493975903614459	0.23493975903614459	9.770114942528742e-12
0.23554216867469882	0.23554216867469882	1.1034482758620693e-11
0.23614457831325306	0.23614457831325306	1.229885057471265e-11
0.23674698795180724	0.23674698795180724	1.4252873563218394e-11
0.23734939759036147	0.23734939759036147	1.6436781609195405e-11
0.2379518072289157	0.2379518072289157	1.8505747126436783e-11
0.2385542168674699	0.2385542168674699	2.080459770114943e-11
0.23915662650602412	0.23915662650602412	2.252873563218391e-11
0.23975903614457836	0.23975903614457836	2.4367816091954026e-11
0.24036144578313254	0.24036144578313254	2.5632183908045976e-11
0.24096385542168677	0.24096385542168677	2.5977011494252873e-11
0.241566265060241	0.241566265060241	2.5632183908045976e-11
0.2421686746987952	0.2421686746987952	2.5057471264367818e-11
0.24277108433734942	0.24277108433734942	2.298850574712644e-11
0.24337349397590366	0.24337349397590366	2.0459770114942533e-11
0.24397590361445784	0.24397590361445784	1.7931034482758625e-11
0.24457831325301208	0.24457831325301208	1.4712643678160924e-11
0.2451807228915663	0.2451807228915663	1.229885057471265e-11
0.2457831325301205	0.2457831325301205	9.88505747126437e-12
0.24638554216867473	0.24638554216867473	8.275862068965523e-12
0.24698795180722896	0.24698795180722896	8.735632183908053e-12
0.24759036144578314	0.24759036144578314	1.0114942528735638e-11
0.24819277108433738	0.24819277108433738	1.1954022988505754e-11
0.2487951807228916	0.2487951807228916	1.5402298850574717e-11
0.2493975903614458	0.2493975903614458	1.9080459770114948e-11
0.25	0.25	2.2643678160919544e-11
0.25060240963855424	0.25060240963855424	2.6321839080459775e-11
0.2512048192771084	0.2512048192771084	2.942528735632184e-11
0.25180722891566265	0.25180722891566265	3.241379310344828e-11
0.2524096385542169	0.2524096385542169	3.448275862068966e-11
0.25301204819277107	0.25301204819277107	3.5057471264367816e-11
0.2536144578313253	0.2536144578313253	3.367816091954023e-11
0.25421686746987954	0.25421686746987954	3.195402298850575e-11
0.2548192771084337	0.2548192771084337	2.9080459770114945e-11
0.25542168674698795	0.25542168674698795	2.620689655172414e-11
0.2560240963855422	0.2560240963855422	2.3333333333333337e-11
0.25662650602409637	0.25662650602409637	2.0689655172413795e-11
0.2572289156626506	0.2572289156626506	1.873563218390805e-11
0.25783132530120484	0.25783132530120484	1.6666666666666667e-11
0.258433734939759	0.258433734939759	1.563218390804598e-11
0.25903614457831325	0.25903614457831325	1.827586206896552e-11
0.2596385542168675	0.2596385542168675	2.126436781609196e-11
